
                 ARIZONA METEOROLOGICAL NETWORK MONTHLY SUMMARY

                                  Queen Creek
                                  January 2017 

       AIR TEMP DEW  REL HUM   SOIL T   WIND    SOL  RAIN  ETo ETo  HEAT UNITS
 Jan   MX MN AV  PT  MX MN AV    4 20  AV  MX              AZ  STD   55  50  45
 ---  --- -- -- ---  -- -- --  --- --  --  ---  ---  ----  --- ---  --- --- ---
   1   55 46 51  47  97 68 88   56 59  5.1  21  157  0.28  .02 .04    0   2   6
   2   57 41 49  42  94 45 77   53 59  2.2  10  169  0.00  .02 .04    0   2   5
   3   59 38 48  43  98 53 83   52 58  2.2   8  178  0.00  .03 .04    1   2   5
   4   67 38 52  43  99 32 75   54 58  2.2   9  301  0.00  .07 .06    4   6   9
   5   67 40 53  44  96 41 75   55 58  3.1  11  294  0.00  .08 .06    3   6   9
   6   66 45 53  42  95 33 69   56 58  2.0   7  305  0.00  .08 .06    4   7  11
   7   64 37 49  38  97 34 68   53 58  2.2   9  220  0.00  .05 .05    2   4   7
   8   71 41 54  41  87 25 64   55 58  1.6   7  267  0.00  .07 .06    5   8  12
   9   66 44 54  46  93 47 77   55 58  2.5  10  130  0.00  .03 .05    4   6  10
  10   70 40 54  43  96 25 70   56 58  2.2   6  272  0.00  .07 .06    5   8  11
  11   65 39 52  41  92 37 68   56 58  2.2   6  253  0.00  .06 .06    3   5   8
  12   70 37 53  40  97 28 68   55 58  2.0   8  317  0.00  .08 .06    5   7  10
  13   61 47 54  44  88 40 70   56 58  2.2  13   99  0.00  .01 .04    2   5   9
  14   65 50 56  46  98 38 71   57 59  3.6  16  145  0.08  .04 .06    4   8  13
  15   56 49 52  50  99 76 93   56 59  3.8  14   71  0.05  .00 .03    0   3   8
  16   60 42 50  47  99 60 90   55 59  2.0   6  169  0.00  .02 .04    1   4   7
  17   61 36 47  43 100 56 87   53 58  2.2  10  261  0.00  .05 .05    1   3   6
  18   64 36 48  42 100 43 81   53 57  2.2   6  322  0.00  .07 .06    2   4   7
  19   55 39 47  43  98 66 86   52 57  3.6  11  123  0.00  .01 .04    0   1   4
  20   54 45 49  47  99 77 92   52 57  6.7  24   81  0.79  .00 .03    0   1   4
  21   56 39 49  40  96 51 73   52 56  9.4  29  335  0.00  .11 .07    0   1   4
  22   60 36 48  39  97 42 75   51 56  3.1  12  239  0.00  .05 .06    1   3   5
  23   62 43 51  45  97 45 80   52 56  6.0  24  162  0.19  .04 .06    2   4   8
  24   53 33 45  37  97 39 74   51 56  3.6  12  313  0.00  .07 .05    0   1   2
  25   56 29 42  33  99 31 74   48 55  2.2   7  345  0.00  .07 .06    0   1   3
  26   55 28 41  31  99 28 71   48 55  2.7   9  360  0.00  .08 .06    0   1   3
  27   56 29 43  21  93 13 48   47 54  5.6  23  369  0.00  .13 .09    0   1   3
  28   62 31 46  23  79 20 42   47 53  4.0  15  374  0.00  .12 .09    1   3   6
  29   72 31 52  25  84 11 42   50 53  4.9  18  372  0.00  .15 .13    5   7  10
  30   73 35 54  31  84 16 45   53 54  2.7  10  378  0.00  .13 .09    6   8  11
  31   73 33 51  33  90 17 57   54 55  2.2   7  381  0.00  .11 .09    6   8  11
  --- --- -- --  -- --- -- ---  -- --  --  ---  ---  ----  --- ---  --- --- ----
  AVG  62 39 50  40  95 40 72   53 57  3.3  12  250
  TOT                                                1.39  2.0 1.9   67 132 226

  *****************************************************************************
  *                          ABBREVIATIONS AND UNITS                          *
  *                                                                           *
  *   AIR TEMP : AIR TEMPERATURE IN DEGREES F          MX : MAXIMUM FOR DAY   *
  *   DEW PT   : DEWPOINT IN DEGREES F                 MN : MINIMUM FOR DAY   *
  *   REL HUM  : RELATIVE HUMIDITY IN PERCENT          AV : AVERAGE FOR DAY   *
  *   SOL      : SOLAR RADIATION IN LANGLEYS          TOT : TOTAL FOR MONTH   *
  *   WIND : WIND SPEEDS IN MILES PER HOUR                                    *
  *   SOIL : SOIL TEMPERATURE AT 4 AND 20 INCHES, IN DEGREES F                *
  *   RAIN : RAINFALL IN INCHES                                               *
  *   ETo  : REFERENCE EVAPOTRANSPIRATION IN INCHES                           *
  *      AZ: AZMET ETo   STD: STANDARDIZED PENMAN-MONTEITH ETo                *
  *                                                                           *
  *     ## or 999 : MISSING DATA, ETo & HEAT UNIT TOTALS ARE PRORATED         *
  *            55 : TEMPERATURE LIMITS = 86/55  DEGREES F                     *
  *            50 : TEMPERATURE LIMITS = 86/50  DEGREES F                     *
  *            45 : TEMPERATURE LIMITS = 86/45  DEGREES F                     *
  *****************************************************************************


                 ARIZONA METEOROLOGICAL NETWORK MONTHLY SUMMARY

                                  Queen Creek
                                  February 2017 

       AIR TEMP DEW  REL HUM   SOIL T   WIND    SOL  RAIN  ETo ETo  HEAT UNITS
 Feb   MX MN AV  PT  MX MN AV    4 20  AV  MX              AZ  STD   55  50  45
 ---  --- -- -- ---  -- -- --  --- --  --  ---  ---  ----  --- ---  --- --- ---
   1   74 34 51  34  91 18 58   54 55  1.6   7  382  0.00  .11 .08    6   9  12
   2   72 36 53  37  88 22 59   55 56  2.0   6  331  0.00  .09 .08    5   8  11
   3   67 38 51  40  92 33 68   55 56  1.8   6  278  0.00  .07 .06    3   6   9
   4   78 34 53  37  95 19 61   56 56  1.8   6  387  0.00  .11 .09    7  10  13
   5   74 34 55  37  90 17 54   57 57  2.0  10  366  0.00  .11 .09    6   9  12
   6   65 44 54  41  86 38 62   57 57  2.7   8  161  0.00  .04 .06    3   6   9
   7   73 40 55  44  94 35 69   58 57  2.7   8  367  0.00  .11 .09    6   9  12
   8   75 43 59  48  94 37 70   61 58  1.8   8  379  0.00  .11 .09    7  10  14
   9   77 43 60  50  97 39 71   63 59  2.5   9  369  0.00  .11 .09    8  11  15
  10   83 44 63  48  95 23 63   64 60  2.7   9  372  0.00  .13 .11   11  14  18
  11   76 48 61  48  88 29 64   65 61  3.8  12  333  0.00  .11 .11    8  12  17
  12   70 50 59  49  91 43 69   63 62  4.3  18  208  0.00  .07 .09    6  10  15
  13   72 51 61  45  82 32 55   64 62  4.7  25  318  0.00  .11 .11    7  12  17
  14   73 51 61  45  86 30 58   65 62  3.6  20  353  0.00  .12 .11    8  12  17
  15   72 45 61  33  75 18 37   64 62  6.9  22  425  0.00  .19 .16    6   9  13
  16   74 37 58  33  85 18 43   63 62  2.9  10  412  0.00  .15 .11    6   9  12
  17   75 47 60  36  79 18 45   63 62  7.2  24  336  0.00  .16 .17    8  11  16
  18   65 49 57  47  94 38 72   61 63  6.0  19   61  0.28  .02 .06    3   7  12
  19   60 47 52  49  98 67 89   58 62  4.7  12  215  0.26  .04 .06    1   4   8
  20   67 44 56  47 100 39 76   60 61  2.0   9  423  0.00  .11 .09    4   7  11
  21   74 44 58  49  99 38 77   61 61  2.5   9  433  0.00  .12 .10    7  10  14
  22   78 45 62  49  98 14 68   64 61  2.5  14  414  0.00  .13 .11    9  12  17
  23   62 41 52  29  82 18 44   62 62  5.1  19  470  0.00  .16 .13    2   4   7
  24   61 31 47  26  92 15 49   58 62  3.1  10  470  0.00  .14 .10    1   3   5
  25   66 31 49  28  90 15 53   57 61  2.2   7  464  0.00  .13 .10    3   5   7
  26   66 45 54  33  84 17 51   60 60  3.4  18  387  0.00  .13 .11    4   7  11
  27   69 38 54  40  98 30 65   58 60  5.4  21  242  0.06  .08 .10    4   7  10
  28   65 43 54  47  99 48 78   59 60  5.1  32  359  0.03  .10 .09    3   6   9
  --- --- -- --  -- --- -- ---  -- --  --  ---  ---  ----  --- ---  --- --- ----
  AVG  71 42 56  41  91 29 62   60 60  3.5  13  347
  TOT                                                0.63  3.2 2.9  154 239 344

  *****************************************************************************
  *                          ABBREVIATIONS AND UNITS                          *
  *                                                                           *
  *   AIR TEMP : AIR TEMPERATURE IN DEGREES F          MX : MAXIMUM FOR DAY   *
  *   DEW PT   : DEWPOINT IN DEGREES F                 MN : MINIMUM FOR DAY   *
  *   REL HUM  : RELATIVE HUMIDITY IN PERCENT          AV : AVERAGE FOR DAY   *
  *   SOL      : SOLAR RADIATION IN LANGLEYS          TOT : TOTAL FOR MONTH   *
  *   WIND : WIND SPEEDS IN MILES PER HOUR                                    *
  *   SOIL : SOIL TEMPERATURE AT 4 AND 20 INCHES, IN DEGREES F                *
  *   RAIN : RAINFALL IN INCHES                                               *
  *   ETo  : REFERENCE EVAPOTRANSPIRATION IN INCHES                           *
  *      AZ: AZMET ETo   STD: STANDARDIZED PENMAN-MONTEITH ETo                *
  *                                                                           *
  *     ## or 999 : MISSING DATA, ETo & HEAT UNIT TOTALS ARE PRORATED         *
  *            55 : TEMPERATURE LIMITS = 86/55  DEGREES F                     *
  *            50 : TEMPERATURE LIMITS = 86/50  DEGREES F                     *
  *            45 : TEMPERATURE LIMITS = 86/45  DEGREES F                     *
  *****************************************************************************


                 ARIZONA METEOROLOGICAL NETWORK MONTHLY SUMMARY

                                  Queen Creek
                                   March 2017 

       AIR TEMP DEW  REL HUM   SOIL T   WIND    SOL  RAIN  ETo ETo  HEAT UNITS
 Mar   MX MN AV  PT  MX MN AV    4 20  AV  MX              AZ  STD   55  50  45
 ---  --- -- -- ---  -- -- --  --- --  --  ---  ---  ----  --- ---  --- --- ---
   1   69 37 53  35  99 16 60   58 60  3.4  13  491  0.00  .16 .12    4   7  10
   2   76 34 57  28  81 13 37   59 60  5.6  19  497  0.00  .21 .18    7  10  13
   3   77 56 67  27  52 15 22   62 60  7.8  19  265  0.00  .17 .22   12  17  22
   4   80 43 63  36  76 11 41   64 61  4.0  16  453  0.00  .18 .15    9  13  16
   5   74 47 62  36  77 15 42   64 62  6.3  23  246  0.00  .12 .15    8  11  15
   6   66 42 54  32  80 17 46   62 62  3.8  13  503  0.00  .17 .13    3   6   9
   7   73 33 53  32  89 17 50   62 62  3.1  11  507  0.00  .17 .13    6   8  11
   8   81 37 59  37  88 15 48   64 62  2.9  10  485  0.00  .17 .15    9  12  16
   9   83 43 63  39  85 15 47   66 63  2.7   9  518  0.00  .19 .15   11  14  18
  10   87 40 64  39  85 13 46   68 64  2.9  10  515  0.00  .19 .16   12  15  19
  11   88 47 68  38  79 12 38   70 65  2.5  12  512  0.00  .20 .16   14  17  22
  12   87 46 67  39  76 14 40   71 66  2.9   9  520  0.00  .20 .17   14  17  22
  13   91 46 68  42  80 11 43   72 67  2.7   7  527  0.00  .20 .17   14  18  23
  14   91 46 70  40  76 13 37   73 67  2.9   7  532  0.00  .22 .18   14  18  23
  15   93 48 69  40  73 10 40   73 68  2.7   7  456  0.00  .18 .17   15  19  24
  16   91 48 70  38  71  9 36   74 69  2.5  11  532  0.00  .21 .18   15  19  24
  17   92 51 71  38  68 10 34   75 69  2.7   7  531  0.00  .22 .18   16  20  25
  18   94 50 72  41  74 10 38   76 70  3.1  13  542  0.00  .23 .20   16  21  26
  19   93 50 73  41  74 10 35   77 71  2.7   9  547  0.00  .22 .19   16  20  25
  20   94 52 74  42  71 10 34   78 71  3.4  18  536  0.00  .23 .20   17  21  26
  21   91 51 73  40  75 11 34   78 72  3.6  13  548  0.00  .24 .20   16  20  25
  22   81 47 67  44  78 21 46   76 73  4.3  27  434  0.00  .17 .17   11  14  19
  23   66 49 57  43  95 30 63   71 72  6.9  22  422  0.19  .15 .14    4   8  13
  24   76 42 59  38  91 16 52   69 71  3.1  15  578  0.00  .19 .16    8  11  15
  25   78 44 62  38  89 15 48   70 70  4.5  20  530  0.00  .21 .18    9  12  16
  26   78 43 62  38  85 16 45   71 70  3.1  11  561  0.00  .20 .17    9  12  16
  27   80 44 64  38  81 18 43   72 70  6.0  21  534  0.00  .22 .20   10  13  17
  28   73 47 61  38  72 23 43   72 70  4.9  16  570  0.00  .22 .18    7  11  15
  29   79 43 63  34  77 14 37   72 70  3.8  17  592  0.00  .23 .19    9  12  16
  30   85 43 68  28  79  8 31   73 70  8.9  28  597  0.00  .32 .29   12  15  19
  31   66 45 58  25  64 14 30   72 71  7.2  21  436  0.00  .19 .18    4   7  11
  --- --- -- --  -- --- -- ---  -- --  --  ---  ---  ----  --- ---  --- --- ----
  AVG  82 45 64  37  79 14 41   70 67  4.1  15  500
  TOT                                                0.19  6.5 5.6  329 440 571

  *****************************************************************************
  *                          ABBREVIATIONS AND UNITS                          *
  *                                                                           *
  *   AIR TEMP : AIR TEMPERATURE IN DEGREES F          MX : MAXIMUM FOR DAY   *
  *   DEW PT   : DEWPOINT IN DEGREES F                 MN : MINIMUM FOR DAY   *
  *   REL HUM  : RELATIVE HUMIDITY IN PERCENT          AV : AVERAGE FOR DAY   *
  *   SOL      : SOLAR RADIATION IN LANGLEYS          TOT : TOTAL FOR MONTH   *
  *   WIND : WIND SPEEDS IN MILES PER HOUR                                    *
  *   SOIL : SOIL TEMPERATURE AT 4 AND 20 INCHES, IN DEGREES F                *
  *   RAIN : RAINFALL IN INCHES                                               *
  *   ETo  : REFERENCE EVAPOTRANSPIRATION IN INCHES                           *
  *      AZ: AZMET ETo   STD: STANDARDIZED PENMAN-MONTEITH ETo                *
  *                                                                           *
  *     ## or 999 : MISSING DATA, ETo & HEAT UNIT TOTALS ARE PRORATED         *
  *            55 : TEMPERATURE LIMITS = 86/55  DEGREES F                     *
  *            50 : TEMPERATURE LIMITS = 86/50  DEGREES F                     *
  *            45 : TEMPERATURE LIMITS = 86/45  DEGREES F                     *
  *****************************************************************************


                 ARIZONA METEOROLOGICAL NETWORK MONTHLY SUMMARY

                                  Queen Creek
                                   April 2017 

       AIR TEMP DEW  REL HUM   SOIL T   WIND    SOL  RAIN  ETo ETo  HEAT UNITS
 Apr   MX MN AV  PT  MX MN AV    4 20  AV  MX              AZ  STD   55  50  45
 ---  --- -- -- ---  -- -- --  --- --  --  ---  ---  ----  --- ---  --- --- ---
   1   71 38 56  31  82 17 43   68 70  2.7  22  509  0.00  .17 .14    5   8  11
   2   76 38 60  36  86 19 45   70 69  4.0  16  598  0.00  .22 .18    7  10  13
   3   81 45 65  35  76 13 38   72 69  6.3  28  580  0.00  .26 .23   10  14  18
   4   74 46 60  34  76 20 41   72 70  4.7  20  602  0.00  .23 .19    7  11  15
   5   84 43 65  29  72  9 30   72 70  3.8  14  621  0.00  .25 .21   11  15  18
   6   91 44 68  31  67  7 29   74 70  2.9  11  623  0.00  .25 .21   14  18  22
   7   89 48 71  30  65  9 27   75 71  2.9   9  537  0.00  .22 .20   14  18  23
   8   85 47 69  31  68  7 29   75 72  6.7  20  570  0.00  .28 .26   13  16  21
   9   78 49 65  31  54 12 30   74 72  3.1  11  537  0.00  .21 .18   10  13  18
  10   83 43 65  22  61  7 24   74 72  3.6  10  631  0.00  .26 .21   11  14  18
  11   88 44 67  24  61  6 23   74 72  4.0  12  588  0.00  .25 .22   13  17  21
  12   89 46 70  27  63  8 23   76 72  3.4  12  633  0.00  .27 .22   14  18  22
  13   92 50 71  31  58  9 26   77 73  4.3  15  551  0.00  .25 .24   15  20  25
  14   89 49 70  33  62 10 28   78 73  3.6  14  637  0.00  .27 .23   15  19  24
  15   86 49 70  31  69 10 27   78 74  3.4  10  650  0.00  .27 .22   14  18  23
  16   89 47 71  30  65  8 24   78 74  4.0  13  613  0.00  .27 .23   14  18  22
  17   90 50 72  31  60  8 24   79 74  3.8  14  630  0.00  .28 .24   15  20  25
  18   91 50 75  35  65 10 26   80 75  5.1  19  656  0.00  .31 .27   16  20  25
  19   89 58 75  36  49 11 26   82 75  3.8  17  657  0.00  .29 .24   18  23  28
  20   88 48 72  29  61  9 23   80 76  4.3  16  673  0.00  .30 .25   14  18  23
  21   90 47 72  26  57  6 21   80 76  4.3  18  678  0.00  .31 .26   14  18  23
  22   94 51 75  28  62  7 21   81 76  3.4  11  676  0.00  .30 .25   16  21  26
  23   96 53 77  33  66  7 23   82 77  5.1  18  648  0.00  .31 .29   18  22  27
  24   88 55 75  31  53 11 22   82 77  7.6  23  567  0.00  .31 .30   16  21  26
  25   81 61 72  37  49 13 29   81 77  8.3  32  610  0.00  .31 .28   16  21  26
  26   86 52 71  30  65  9 26   80 77  4.3  20  667  0.00  .29 .24   14  19  24
  27   85 57 74  38  58 16 29   81 77  6.3  20  578  0.00  .28 .26   16  21  26
  28   81 57 70  35  65  6 32   79 77  9.6  34  423  0.00  .25 .26   14  19  24
  29   75 46 63  23  47 12 24   76 77  6.7  23  692  0.00  .30 .25    8  11  16
  30   83 44 68  24  63  8 21   78 76  3.8  13  694  0.00  .29 .23   11  15  19
  --- --- -- --  -- --- -- ---  -- --  --  ---  ---  ----  --- ---  --- --- ----
  AVG  85 48 69  31  64 10 28   77 74  4.7  17  611
  TOT                                                0.00  8.4 7.3  394 513 650

  *****************************************************************************
  *                          ABBREVIATIONS AND UNITS                          *
  *                                                                           *
  *   AIR TEMP : AIR TEMPERATURE IN DEGREES F          MX : MAXIMUM FOR DAY   *
  *   DEW PT   : DEWPOINT IN DEGREES F                 MN : MINIMUM FOR DAY   *
  *   REL HUM  : RELATIVE HUMIDITY IN PERCENT          AV : AVERAGE FOR DAY   *
  *   SOL      : SOLAR RADIATION IN LANGLEYS          TOT : TOTAL FOR MONTH   *
  *   WIND : WIND SPEEDS IN MILES PER HOUR                                    *
  *   SOIL : SOIL TEMPERATURE AT 4 AND 20 INCHES, IN DEGREES F                *
  *   RAIN : RAINFALL IN INCHES                                               *
  *   ETo  : REFERENCE EVAPOTRANSPIRATION IN INCHES                           *
  *      AZ: AZMET ETo   STD: STANDARDIZED PENMAN-MONTEITH ETo                *
  *                                                                           *
  *     ## or 999 : MISSING DATA, ETo & HEAT UNIT TOTALS ARE PRORATED         *
  *            55 : TEMPERATURE LIMITS = 86/55  DEGREES F                     *
  *            50 : TEMPERATURE LIMITS = 86/50  DEGREES F                     *
  *            45 : TEMPERATURE LIMITS = 86/45  DEGREES F                     *
  *****************************************************************************


                 ARIZONA METEOROLOGICAL NETWORK MONTHLY SUMMARY

                                  Queen Creek
                                    May 2017 

       AIR TEMP DEW  REL HUM   SOIL T   WIND    SOL  RAIN  ETo ETo  HEAT UNITS
 May   MX MN AV  PT  MX MN AV    4 20  AV  MX              AZ  STD   55  50  45
 ---  --- -- -- ---  -- -- --  --- --  --  ---  ---  ----  --- ---  --- --- ---
   1   89 46 71  27  62  7 23   80 76  3.8  13  694  0.00  .30 .25   14  18  22
   2   92 49 74  31  59  8 23   81 76  4.3  20  682  0.00  .31 .26   16  20  25
   3   96 55 78  34  55  8 23   83 77  3.8  16  693  0.00  .32 .27   18  23  28
   4  101 58 81  35  58  6 23   86 78  2.9  10  699  0.00  .31 .26   21  26  31
   5  104 59 85  37  60  7 22   87 79  4.3  30  662  0.00  .33 .30   21  26  31
   6   95 63 80  37  52  9 24   88 80  8.7  27  681  0.00  .39 .37   22  27  32
   7   72 56 64  43  78 28 48   82 81  5.1  18  498  0.00  .19 .18    9  14  19
   8   80 51 65  38  83 20 40   80 80  5.4  23  625  0.00  .26 .23   11  15  20
   9   73 51 61  47  96 24 65   78 79  4.5  18  592  0.10  .20 .18    8  12  17
  10   77 52 64  46  85 24 54   78 78  3.6  15  644  0.00  .22 .20   10  14  19
  11   87 51 71  47  77 23 45   81 78  3.1  12  699  0.00  .27 .23   14  19  24
  12   96 56 78  47  83 12 38   85 78  3.4  14  699  0.00  .30 .26   19  24  29
  13   95 61 80  38  61  9 26   86 79  6.5  21  721  0.00  .37 .33   21  26  31
  14   91 55 76  40  66 13 30   84 80  6.5  18  566  0.00  .29 .29   17  22  27
  15   86 54 71  35  72 11 31   83 80  9.2  30  721  0.00  .38 .33   15  20  25
  16   75 50 63  36  67 13 38   80 80  4.9  21  663  0.00  .26 .22    8  13  18
  17   83 48 68  37  69 13 35   80 79  5.8  17  717  0.00  .30 .27   12  16  21
  18   81 56 70  38  71 10 34   83 79  5.1  20  728  0.00  .31 .26   14  19  24
  19   83 52 68  36  69 11 34   82 79  4.9  13  739  0.00  .30 .26   13  17  22
  20   91 52 74  36  61  9 27   83 79  3.6  12  740  0.00  .31 .26   16  21  26
  21   98 53 77  39  69  6 31   86 80  3.1  11  735  0.00  .31 .27   18  23  28
  22  100 56 80  40  66  8 27   88 80  3.4  14  728  0.00  .32 .28   19  24  29
  23  101 59 83  38  62  7 22   89 82  3.1  11  739  0.00  .33 .28   21  26  31
  24  102 61 85  37  45  8 20   91 82  5.4  20  729  0.00  .37 .34   22  27  32
  25   95 62 83  31  50  5 17   90 83  7.4  20  683  0.00  .38 .36   22  27  32
  26   92 60 77  33  49  7 21   88 83  6.9  24  750  0.00  .38 .34   20  25  30
  27   93 55 77  33  51  9 22   88 83  3.6  12  752  0.00  .33 .27   17  23  28
  28   99 54 80  33  64  7 21   89 83  2.9  10  740  0.00  .33 .27   18  23  28
  29  102 57 82  35  50  6 21   90 84  3.6  12  665  0.00  .31 .29   20  25  30
  30  100 61 83  39  57  9 23   90 84  4.9  24  606  0.00  .30 .30   22  27  32
  31  100 62 84  42  68 10 25   91 84  4.9  19  687  0.00  .34 .31   23  27  32
  --- --- -- --  -- --- -- ---  -- --  --  ---  ---  ----  --- ---  --- --- ----
  AVG  91 55 75  37  65 11 30   85 80  4.8  18  686
  TOT                                                0.10 10.0 8.9  521 668 823

  *****************************************************************************
  *                          ABBREVIATIONS AND UNITS                          *
  *                                                                           *
  *   AIR TEMP : AIR TEMPERATURE IN DEGREES F          MX : MAXIMUM FOR DAY   *
  *   DEW PT   : DEWPOINT IN DEGREES F                 MN : MINIMUM FOR DAY   *
  *   REL HUM  : RELATIVE HUMIDITY IN PERCENT          AV : AVERAGE FOR DAY   *
  *   SOL      : SOLAR RADIATION IN LANGLEYS          TOT : TOTAL FOR MONTH   *
  *   WIND : WIND SPEEDS IN MILES PER HOUR                                    *
  *   SOIL : SOIL TEMPERATURE AT 4 AND 20 INCHES, IN DEGREES F                *
  *   RAIN : RAINFALL IN INCHES                                               *
  *   ETo  : REFERENCE EVAPOTRANSPIRATION IN INCHES                           *
  *      AZ: AZMET ETo   STD: STANDARDIZED PENMAN-MONTEITH ETo                *
  *                                                                           *
  *     ## or 999 : MISSING DATA, ETo & HEAT UNIT TOTALS ARE PRORATED         *
  *            55 : TEMPERATURE LIMITS = 86/55  DEGREES F                     *
  *            50 : TEMPERATURE LIMITS = 86/50  DEGREES F                     *
  *            45 : TEMPERATURE LIMITS = 86/45  DEGREES F                     *
  *****************************************************************************


                 ARIZONA METEOROLOGICAL NETWORK MONTHLY SUMMARY

                                  Queen Creek
                                   June 2017 

       AIR TEMP DEW  REL HUM   SOIL T   WIND    SOL  RAIN  ETo ETo  HEAT UNITS
 Jun   MX MN AV  PT  MX MN AV    4 20  AV  MX              AZ  STD   55  50  45
 ---  --- -- -- ---  -- -- --  --- --  --  ---  ---  ----  --- ---  --- --- ---
   1   97 66 81  41  59  9 27   91 85  3.8  17  660  0.00  .31 .28   24  29  34
   2   99 62 82  45  62 12 31   92 85  2.7  12  718  0.00  .31 .26   22  27  32
   3  101 65 85  45  60 11 28   93 85  3.6  12  721  0.00  .33 .30   24  29  34
   4  101 64 85  46  62 11 29   94 86  4.3  13  717  0.00  .34 .31   24  28  33
   5  103 67 86  48  66 11 29   95 87  4.0  12  717  0.00  .34 .31   24  29  34
   6  103 69 87  47  61 11 28   96 87  3.8  11  711  0.00  .33 .30   26  31  36
   7  103 65 86  47  62 10 29   96 88  2.7  11  724  0.00  .32 .28   24  29  34
   8  101 65 84  46  68  7 30   95 88  3.4  12  716  0.00  .32 .28   24  29  34
   9  103 65 85  43  59  9 24   96 89  2.9  11  725  0.00  .33 .28   24  29  34
  10  100 62 83  38  58  5 24   94 89  4.7  21  737  0.00  .35 .32   22  27  32
  11   96 64 82  40  59 11 24   93 89  7.6  21  743  0.00  .40 .37   23  28  33
  12   92 58 76  41  62 13 30   93 88  3.4  14  749  0.00  .32 .27   19  24  29
  13   93 53 76  32  56  6 23   91 88  2.2   8  774  0.00  .32 .25   17  21  26
  14   98 52 78  33  60  5 22   91 88  2.7   9  778  0.00  .34 .28   18  22  27
  15  104 54 83  31  59  3 18   92 87  2.9  12  778  0.00  .35 .30   19  24  29
  16  106 58 85  30  46  4 16   94 88  4.0  14  768  0.00  .38 .33   21  26  31
  17  105 64 88  31  38  6 14   95 88  4.5  14  750  0.00  .39 .34   24  29  34
  18  108 64 89  37  49  7 19   95 89  4.5  12  718  0.00  .37 .34   24  29  34
  19  113 70 93  40  40  8 18   98 89  4.9  12  716  0.00  .38 .36   27  32  37
  20  118 76 98  44  38  6 17  100 90  4.0  15  664  0.00  .36 .34   29  34  39
  21  113 75 97  46  49  9 19  101 91  4.7  13  706  0.00  .39 .36   28  33  38
  22  109 76 93  51  46 11 25  101 92  5.4  14  706  0.00  .37 .36   29  34  39
  23  108 78 93  54  53 14 29  101 92  4.5  13  712  0.00  .36 .33   29  34  39
  24  115 73 96  46  46  8 20  101 93  4.3  13  705  0.00  .37 .35   28  33  38
  25  112 78 98  49  52  9 20  103 93  7.2  23  692  0.00  .41 .42   29  34  39
  26  106 79 93  52  46 13 26  103 94  4.5  13  703  0.00  .36 .33   29  34  39
  27  106 73 92  41  55  6 20  101 94  6.5  20  736  0.00  .41 .39   28  33  38
  28  105 69 90  46  45 11 23  100 94  4.9  22  699  0.00  .36 .33   26  31  36
  29  106 71 89  45  47  8 24  100 94  4.5  19  730  0.00  .36 .33   26  32  37
  30  107 66 89  33  54  4 16  100 93  4.0  13  753  0.00  .37 .33   25  30  35
  --- --- -- --  -- --- -- ---  -- --  --  ---  ---  ----  --- ---  --- --- ----
  AVG 104 67 87  42  54  9 23   96 89  4.2  14  724
  TOT                                                0.00 11.110.0  735 883 1033

  *****************************************************************************
  *                          ABBREVIATIONS AND UNITS                          *
  *                                                                           *
  *   AIR TEMP : AIR TEMPERATURE IN DEGREES F          MX : MAXIMUM FOR DAY   *
  *   DEW PT   : DEWPOINT IN DEGREES F                 MN : MINIMUM FOR DAY   *
  *   REL HUM  : RELATIVE HUMIDITY IN PERCENT          AV : AVERAGE FOR DAY   *
  *   SOL      : SOLAR RADIATION IN LANGLEYS          TOT : TOTAL FOR MONTH   *
  *   WIND : WIND SPEEDS IN MILES PER HOUR                                    *
  *   SOIL : SOIL TEMPERATURE AT 4 AND 20 INCHES, IN DEGREES F                *
  *   RAIN : RAINFALL IN INCHES                                               *
  *   ETo  : REFERENCE EVAPOTRANSPIRATION IN INCHES                           *
  *      AZ: AZMET ETo   STD: STANDARDIZED PENMAN-MONTEITH ETo                *
  *                                                                           *
  *     ## or 999 : MISSING DATA, ETo & HEAT UNIT TOTALS ARE PRORATED         *
  *            55 : TEMPERATURE LIMITS = 86/55  DEGREES F                     *
  *            50 : TEMPERATURE LIMITS = 86/50  DEGREES F                     *
  *            45 : TEMPERATURE LIMITS = 86/45  DEGREES F                     *
  *****************************************************************************


                 ARIZONA METEOROLOGICAL NETWORK MONTHLY SUMMARY

                                  Queen Creek
                                   July 2017 

       AIR TEMP DEW  REL HUM   SOIL T   WIND    SOL  RAIN  ETo ETo  HEAT UNITS
 Jul   MX MN AV  PT  MX MN AV    4 20  AV  MX              AZ  STD   55  50  45
 ---  --- -- -- ---  -- -- --  --- --  --  ---  ---  ----  --- ---  --- --- ---
   1  109 62 88  33  60  4 18   99 93  4.5  17  741  0.00  .38 .34   23  28  33
   2  107 69 90  42  56 10 20   99 93  4.9  16  717  0.00  .37 .34   26  31  36
   3  102 78 91  57  60 21 34  101 93  5.4  17  694  0.00  .35 .33   29  34  39
   4  106 71 91  52  73 12 29  101 94  4.5  15  718  0.00  .36 .33   27  32  37
   5  106 71 92  53  65 11 31  101 94  5.4  16  714  0.00  .37 .35   27  32  37
   6  107 76 93  55  62 13 31  102 94  4.7  20  708  0.00  .35 .33   28  33  38
   7  116 74 97  51  63  9 25  103 95  5.4  27  673  0.00  .37 .38   28  33  38
   8  111 79 94  57  68 12 31  104 95  4.0  18  631  0.03  .32 .31   30  35  40
   9  105 76 90  63  77 19 44  102 96  5.1  21  671  0.00  .32 .32   29  34  39
  10  102 77 90  62  79 21 42  103 95  4.5  24  687  0.12  .33 .31   29  34  39
  11  100 74 87  66  89 28 55   98 96  3.4  16  565  0.06  .23 .24   27  32  37
  12  101 76 90  65  80 23 47   99 95  3.6  18  608  0.00  .28 .27   28  33  38
  13  102 76 90  64  74 25 46  101 94  4.7  24  683  0.00  .32 .31   28  33  38
  14  105 76 89  64  70 20 46  101 95  4.7  32  672  0.00  .31 .31   28  33  38
  15  106 78 89  65  80 21 48  102 95  6.0  36  645  0.02  .32 .33   29  34  39
  16  101 76 87  68  90 27 57  101 95  4.3  37  675  0.00  .29 .29   28  33  38
  17   99 71 84  67  90 30 59  100 95  5.1  28  597  0.00  .26 .27   26  31  36
  18   98 71 84  70  97 33 66   98 95  4.0  25  559  0.07  .24 .24   26  31  36
  19  101 77 86  69  87 30 59   99 94  4.0  17  576  0.00  .25 .26   29  34  39
  20  101 78 88  64  71 25 47  100 94  4.7  19  655  0.00  .30 .30   29  34  39
  21  100 76 87  67  81 26 54  101 95  4.5  30  616  0.00  .28 .28   28  33  38
  22  104 76 89  67  82 22 51  102 95  4.5  17  670  0.00  .31 .30   28  34  39
  23  101 72 85  68  98 27 62  101 95  3.6  23  614  0.30  .26 .26   27  32  37
  24   88 73 80  73  98 51 82   93 95  2.7  10  390  0.18  .13 .15   26  30  35
  25   99 76 87  70  94 28 62   95 93  2.7  11  635  0.00  .26 .25   28  33  38
  26  104 75 89  67  90 21 52   98 93  2.0  12  673  0.00  .29 .26   28  33  38
  27  106 78 92  62  72 17 40  100 94  5.1  25  682  0.00  .34 .33   29  34  39
  28   98 75 86  66  92 29 54   99 94  4.5  15  616  0.06  .28 .26   28  33  38
  29   99 76 85  68  91 29 59   98 94  3.8  19  562  0.01  .24 .25   28  33  38
  30   99 76 86  68  91 31 60   97 94  2.0   9  529  0.00  .21 .21   28  33  38
  31  105 78 91  66  79 23 47  100 94  3.6  16  612  0.00  .28 .27   29  34  39
  --- --- -- --  -- --- -- ---  -- --  --  ---  ---  ----  --- ---  --- --- ----
  AVG 103 75 89  62  79 22 47  100 94  4.3  20  638
  TOT                                                0.85  9.6 9.4 861 1016 1171

  *****************************************************************************
  *                          ABBREVIATIONS AND UNITS                          *
  *                                                                           *
  *   AIR TEMP : AIR TEMPERATURE IN DEGREES F          MX : MAXIMUM FOR DAY   *
  *   DEW PT   : DEWPOINT IN DEGREES F                 MN : MINIMUM FOR DAY   *
  *   REL HUM  : RELATIVE HUMIDITY IN PERCENT          AV : AVERAGE FOR DAY   *
  *   SOL      : SOLAR RADIATION IN LANGLEYS          TOT : TOTAL FOR MONTH   *
  *   WIND : WIND SPEEDS IN MILES PER HOUR                                    *
  *   SOIL : SOIL TEMPERATURE AT 4 AND 20 INCHES, IN DEGREES F                *
  *   RAIN : RAINFALL IN INCHES                                               *
  *   ETo  : REFERENCE EVAPOTRANSPIRATION IN INCHES                           *
  *      AZ: AZMET ETo   STD: STANDARDIZED PENMAN-MONTEITH ETo                *
  *                                                                           *
  *     ## or 999 : MISSING DATA, ETo & HEAT UNIT TOTALS ARE PRORATED         *
  *            55 : TEMPERATURE LIMITS = 86/55  DEGREES F                     *
  *            50 : TEMPERATURE LIMITS = 86/50  DEGREES F                     *
  *            45 : TEMPERATURE LIMITS = 86/45  DEGREES F                     *
  *****************************************************************************


                 ARIZONA METEOROLOGICAL NETWORK MONTHLY SUMMARY

                                  Queen Creek
                                   August 2017 

       AIR TEMP DEW  REL HUM   SOIL T   WIND    SOL  RAIN  ETo ETo  HEAT UNITS
 Aug   MX MN AV  PT  MX MN AV    4 20  AV  MX              AZ  STD   55  50  45
 ---  --- -- -- ---  -- -- --  --- --  --  ---  ---  ----  --- ---  --- --- ---
   1  100 78 85  67  86 29 56   98 94  5.6  40  537  0.03  .25 .27   29  34  39
   2   97 75 83  70  88 32 66   93 94  4.0  17  296  0.00  .13 .17   28  33  38
   3  102 74 85  70  88 27 65   95 93  3.8  33  540  0.05  .24 .24   28  33  38
   4  101 71 87  66  96 25 56   95 93  2.9  16  660  0.00  .28 .26   26  31  36
   5  102 74 90  60  79 16 39   99 93  4.3  23  670  0.00  .32 .29   28  33  38
   6  103 72 89  52  70 14 33   99 93  4.7  15  676  0.00  .33 .31   27  32  37
   7  105 73 91  48  55  9 26   99 94  4.3  15  675  0.00  .34 .31   27  32  37
   8  107 67 89  47  70 10 26   99 94  3.4  12  673  0.00  .33 .29   25  30  35
   9  108 73 92  50  54 11 27  100 94  3.8  12  642  0.00  .32 .30   27  32  37
  10  103 78 89  60  74 20 39   98 94  6.3  28  354  0.01  .21 .27   29  34  39
  11  105 76 91  62  80 18 42   99 94  3.8  15  645  0.00  .30 .28   28  33  38
  12  101 73 88  66  95 28 51   98 94  4.7  26  469  0.53  .22 .24   27  32  37
  13   97 71 84  68  93 28 64   97 94  4.0  18  629  0.82  .26 .25   26  31  36
  14  100 77 88  66  84 22 53   98 94  4.5  21  650  0.00  .29 .28   28  33  38
  15  100 71 86  57  80 17 41   98 94  4.7  16  633  0.00  .30 .28   26  31  36
  16  101 68 85  48  71 10 32   96 93  5.1  19  659  0.00  .33 .31   25  30  35
  17  103 68 85  42  58  7 26   96 93  3.6  13  681  0.00  .32 .28   25  30  35
  18  103 62 85  47  74 10 30   96 93  2.9  11  664  0.00  .30 .26   23  28  33
  19  100 68 86  52  68 14 34   97 93  3.8  13  641  0.00  .30 .27   25  30  35
  20  100 74 87  55  64 15 36   98 93  4.3  16  539  0.00  .26 .26   27  32  37
  21  100 74 87  56  67 19 36   98 93  3.4  11  563  0.00  .26 .24   28  33  38
  22  107 69 89  55  72 12 35   99 93  2.5   9  627  0.00  .28 .24   26  31  36
  23  103 74 88  61  71 20 43  100 94  5.4  25  563  0.00  .28 .29   28  32  37
  24  102 74 88  59  68 19 39  100 94  3.6  12  623  0.00  .28 .26   28  33  38
  25  104 73 89  57  72 15 38  100 94  2.5  10  625  0.00  .28 .24   27  32  37
  26  108 73 91  58  72 11 37  101 94  5.1  37  612  0.00  .32 .31   28  33  38
  27  107 75 92  59  74 14 37  102 95  4.0  31  617  0.00  .30 .28   28  33  38
  28  108 74 92  56  63 12 32  102 95  4.5  21  590  0.00  .30 .29   28  33  38
  29  108 74 92  56  66 14 33  102 95  2.5  13  594  0.00  .28 .24   28  33  38
  30  104 75 91  54  61 14 30  102 95  4.3  15  594  0.00  .30 .28   28  33  38
  31  105 73 91  45  50  8 22  100 95  5.4  21  611  0.00  .33 .31   27  32  37
  --- --- -- --  -- --- -- ---  -- --  --  ---  ---  ----  --- ---  --- --- ----
  AVG 103 73 88  57  73 17 39   98 94  4.1  19  598
  TOT                                                1.44  9.2 8.8  838 993 1148

  *****************************************************************************
  *                          ABBREVIATIONS AND UNITS                          *
  *                                                                           *
  *   AIR TEMP : AIR TEMPERATURE IN DEGREES F          MX : MAXIMUM FOR DAY   *
  *   DEW PT   : DEWPOINT IN DEGREES F                 MN : MINIMUM FOR DAY   *
  *   REL HUM  : RELATIVE HUMIDITY IN PERCENT          AV : AVERAGE FOR DAY   *
  *   SOL      : SOLAR RADIATION IN LANGLEYS          TOT : TOTAL FOR MONTH   *
  *   WIND : WIND SPEEDS IN MILES PER HOUR                                    *
  *   SOIL : SOIL TEMPERATURE AT 4 AND 20 INCHES, IN DEGREES F                *
  *   RAIN : RAINFALL IN INCHES                                               *
  *   ETo  : REFERENCE EVAPOTRANSPIRATION IN INCHES                           *
  *      AZ: AZMET ETo   STD: STANDARDIZED PENMAN-MONTEITH ETo                *
  *                                                                           *
  *     ## or 999 : MISSING DATA, ETo & HEAT UNIT TOTALS ARE PRORATED         *
  *            55 : TEMPERATURE LIMITS = 86/55  DEGREES F                     *
  *            50 : TEMPERATURE LIMITS = 86/50  DEGREES F                     *
  *            45 : TEMPERATURE LIMITS = 86/45  DEGREES F                     *
  *****************************************************************************


                 ARIZONA METEOROLOGICAL NETWORK MONTHLY SUMMARY

                                  Queen Creek
                                September 2017 

       AIR TEMP DEW  REL HUM   SOIL T   WIND    SOL  RAIN  ETo ETo  HEAT UNITS
 Sep   MX MN AV  PT  MX MN AV    4 20  AV  MX              AZ  STD   55  50  45
 ---  --- -- -- ---  -- -- --  --- --  --  ---  ---  ----  --- ---  --- --- ---
   1  108 71 88  50  61 11 28   99 95  3.4  14  590  0.00  .29 .26   27  32  37
   2   97 75 86  65  79 25 52   98 95  3.1  12  400  0.00  .18 .19   28  33  38
   3  100 72 85  64  79 23 52   99 94  3.1  12  574  0.00  .25 .23   27  32  37
   4   98 72 86  66  85 28 55  100 94  2.7  12  576  0.00  .24 .22   26  31  36
   5  106 73 88  59  73 13 40  100 94  2.9  16  559  0.00  .26 .24   27  32  37
   6  107 71 89  51  69 11 31   99 95  3.8  16  547  0.00  .28 .26   27  32  37
   7  103 73 86  59  77 18 42   98 94  4.9  34  512  0.01  .25 .26   27  32  37
   8   97 69 82  63  85 25 57   96 94  3.8  19  487  0.03  .20 .21   25  30  35
   9   96 70 82  63  88 26 58   95 93  2.9  16  498  0.00  .20 .20   25  30  35
  10  104 70 87  60  84 16 46   97 93  2.0  14  536  0.00  .23 .20   26  31  36
  11  107 74 89  54  60 13 33   98 93  3.4  16  551  0.00  .28 .24   28  33  38
  12  107 73 90  54  64 14 32   99 93  3.6  12  548  0.00  .28 .25   27  33  38
  13  104 71 89  54  65 15 34   99 94  5.1  17  535  0.00  .28 .28   26  31  36
  14  103 74 88  54  63 16 34   97 94  9.4  27  488  0.00  .33 .35   28  33  38
  15   96 65 82  49  74 13 36   94 93  6.7  23  557  0.00  .30 .28   23  28  33
  16   96 63 80  49  68 16 36   93 92  4.7  16  551  0.00  .26 .24   22  27  32
  17   96 65 82  47  62 10 33   94 92  4.5  19  541  0.00  .26 .24   23  28  33
  18   98 61 80  38  55  7 26   92 91  3.6  17  559  0.00  .26 .23   21  26  31
  19   99 60 81  41  70  8 28   91 91  6.5  23  538  0.00  .30 .30   21  26  31
  20   98 62 82  39  57  8 25   90 90  7.2  21  537  0.00  .31 .31   22  27  32
  21   97 58 80  38  57 11 24   89 90  6.9  25  537  0.00  .31 .30   20  25  30
  22   89 64 76  46  55 24 35   90 89  4.7  23  515  0.00  .24 .22   21  26  31
  23   85 53 71  31  60 10 26   87 89  4.0  18  540  0.00  .24 .20   14  19  24
  24   83 49 68  30  68 11 27   85 88  3.6  12  535  0.00  .22 .19   12  16  21
  25   87 45 68  24  55  8 21   83 87  3.1   9  540  0.00  .23 .18   13  16  21
  26   89 47 70  29  62  8 25   83 86  3.8  15  501  0.00  .22 .20   14  18  23
  27   89 56 73  32  55  9 26   85 85  4.0  13  521  0.00  .24 .20   17  22  27
  28   92 55 74  40  52 16 31   85 85  2.7  13  497  0.00  .21 .17   17  22  27
  29   96 62 79  44  62 13 31   87 85  3.6  12  500  0.00  .23 .20   22  27  32
  30   98 58 78  42  67 11 31   87 85  4.0  14  489  0.00  .24 .22   20  25  30
  --- --- -- --  -- --- -- ---  -- --  --  ---  ---  ----  --- ---  --- --- ----
  AVG  97 64 81  48  67 15 35   93 91  4.3  17  529
  TOT                                                0.04  8.0 7.3  678 823 972

  *****************************************************************************
  *                          ABBREVIATIONS AND UNITS                          *
  *                                                                           *
  *   AIR TEMP : AIR TEMPERATURE IN DEGREES F          MX : MAXIMUM FOR DAY   *
  *   DEW PT   : DEWPOINT IN DEGREES F                 MN : MINIMUM FOR DAY   *
  *   REL HUM  : RELATIVE HUMIDITY IN PERCENT          AV : AVERAGE FOR DAY   *
  *   SOL      : SOLAR RADIATION IN LANGLEYS          TOT : TOTAL FOR MONTH   *
  *   WIND : WIND SPEEDS IN MILES PER HOUR                                    *
  *   SOIL : SOIL TEMPERATURE AT 4 AND 20 INCHES, IN DEGREES F                *
  *   RAIN : RAINFALL IN INCHES                                               *
  *   ETo  : REFERENCE EVAPOTRANSPIRATION IN INCHES                           *
  *      AZ: AZMET ETo   STD: STANDARDIZED PENMAN-MONTEITH ETo                *
  *                                                                           *
  *     ## or 999 : MISSING DATA, ETo & HEAT UNIT TOTALS ARE PRORATED         *
  *            55 : TEMPERATURE LIMITS = 86/55  DEGREES F                     *
  *            50 : TEMPERATURE LIMITS = 86/50  DEGREES F                     *
  *            45 : TEMPERATURE LIMITS = 86/45  DEGREES F                     *
  *****************************************************************************


                 ARIZONA METEOROLOGICAL NETWORK MONTHLY SUMMARY

                                  Queen Creek
                                  October 2017 

       AIR TEMP DEW  REL HUM   SOIL T   WIND    SOL  RAIN  ETo ETo  HEAT UNITS
 Oct   MX MN AV  PT  MX MN AV    4 20  AV  MX              AZ  STD   55  50  45
 ---  --- -- -- ---  -- -- --  --- --  --  ---  ---  ----  --- ---  --- --- ---
   1   96 57 78  35  62  9 26   86 86  5.4  21  506  0.00  .26 .25   19  24  29
   2   90 57 74  38  60 10 30   85 85  5.4  19  503  0.00  .25 .22   18  23  28
   3   97 53 77  37  64  7 28   85 85  4.9  19  501  0.00  .26 .24   18  23  28
   4   98 61 80  44  49 16 31   87 85  3.1  16  475  0.00  .22 .19   21  26  31
   5   96 70 82  46  59 14 30   89 85  2.7  11  441  0.00  .21 .17   25  30  35
   6   93 58 77  34  58  7 24   87 86  4.0  12  504  0.00  .24 .20   19  24  29
   7   93 52 73  26  55  6 20   84 85  3.4   9  504  0.00  .23 .19   16  21  26
   8   96 48 71  27  55  6 24   82 85  3.8  13  495  0.00  .23 .21   16  20  25
   9   87 53 71  32  49 10 25   82 84  4.0  11  468  0.00  .21 .18   15  20  25
  10   92 52 74  27  48 10 19   82 83  3.8  16  459  0.00  .23 .19   17  21  26
  11   96 57 79  39  62 12 26   84 83  5.1  17  457  0.00  .25 .22   19  24  29
  12   94 54 75  35  68  7 28   84 83  3.4  10  470  0.00  .22 .18   17  22  27
  13   94 53 75  32  62 10 24   83 83  3.1  11  455  0.00  .21 .17   17  22  27
  14   92 53 73  36  66  8 29   83 83  3.6  11  460  0.00  .21 .18   17  22  27
  15   94 52 73  31  60  7 25   82 82  3.4  10  460  0.00  .21 .18   17  22  27
  16   96 62 81  37  40 12 22   84 82  4.9  13  441  0.00  .24 .22   22  27  32
  17   98 62 79  47  61 14 35   85 82  2.7  16  397  0.00  .19 .16   22  27  32
  18   95 58 78  44  71 12 34   84 82  2.9  11  415  0.00  .19 .16   20  25  30
  19   96 61 76  41  60 12 31   84 83  3.1  10  320  0.00  .15 .16   21  26  31
  20   88 55 73  40  62 15 34   82 82  5.4  19  417  0.00  .21 .19   16  21  26
  21   82 54 69  43  70 23 41   81 82  3.6  12  403  0.00  .17 .14   13  18  23
  22   90 47 69  33  75  8 33   79 81  3.4  12  420  0.00  .19 .16   14  18  23
  23   93 52 71  30  54  9 25   79 81  3.1  12  422  0.00  .20 .16   17  21  26
  24   96 55 79  30  54  9 20   80 80  6.7  21  410  0.00  .26 .26   19  24  29
  25   97 57 78  33  50 10 22   81 80  4.5  19  407  0.00  .22 .20   19  24  29
  26   89 52 72  34  58 12 26   80 80  3.8  13  401  0.00  .19 .17   16  20  25
  27   89 48 69  32  60 10 28   78 80  3.4   9  401  0.00  .18 .15   15  18  23
  28   90 52 69  32  55 10 28   78 79  3.1  10  392  0.00  .17 .15   16  20  25
  29   93 51 71  32  54 10 26   78 79  2.7  14  388  0.00  .17 .14   16  21  26
  30   88 51 68  36  59 14 32   76 79  3.1   8  299  0.00  .13 .13   15  19  24
  31   80 54 67  43  71 23 45   76 78  2.9  11  319  0.00  .13 .11   12  17  22
  --- --- -- --  -- --- -- ---  -- --  --  ---  ---  ----  --- ---  --- --- ----
  AVG  93 55 74  36  59 11 28   82 82  3.8  14  433
  TOT                                                0.00  6.7 5.9  546 693 847

  *****************************************************************************
  *                          ABBREVIATIONS AND UNITS                          *
  *                                                                           *
  *   AIR TEMP : AIR TEMPERATURE IN DEGREES F          MX : MAXIMUM FOR DAY   *
  *   DEW PT   : DEWPOINT IN DEGREES F                 MN : MINIMUM FOR DAY   *
  *   REL HUM  : RELATIVE HUMIDITY IN PERCENT          AV : AVERAGE FOR DAY   *
  *   SOL      : SOLAR RADIATION IN LANGLEYS          TOT : TOTAL FOR MONTH   *
  *   WIND : WIND SPEEDS IN MILES PER HOUR                                    *
  *   SOIL : SOIL TEMPERATURE AT 4 AND 20 INCHES, IN DEGREES F                *
  *   RAIN : RAINFALL IN INCHES                                               *
  *   ETo  : REFERENCE EVAPOTRANSPIRATION IN INCHES                           *
  *      AZ: AZMET ETo   STD: STANDARDIZED PENMAN-MONTEITH ETo                *
  *                                                                           *
  *     ## or 999 : MISSING DATA, ETo & HEAT UNIT TOTALS ARE PRORATED         *
  *            55 : TEMPERATURE LIMITS = 86/55  DEGREES F                     *
  *            50 : TEMPERATURE LIMITS = 86/50  DEGREES F                     *
  *            45 : TEMPERATURE LIMITS = 86/45  DEGREES F                     *
  *****************************************************************************


                 ARIZONA METEOROLOGICAL NETWORK MONTHLY SUMMARY

                                  Queen Creek
                                  November 2017 

       AIR TEMP DEW  REL HUM   SOIL T   WIND    SOL  RAIN  ETo ETo  HEAT UNITS
 Nov   MX MN AV  PT  MX MN AV    4 20  AV  MX              AZ  STD   55  50  45
 ---  --- -- -- ---  -- -- --  --- --  --  ---  ---  ----  --- ---  --- --- ---
   1   83 51 67  43  77 19 45   76 78  3.4  15  369  0.00  .15 .13   13  17  22
   2   81 52 66  47  79 29 51   76 77  3.1  13  358  0.00  .13 .11   12  16  21
   3   82 51 67  48  82 27 52   75 77  2.9  10  293  0.00  .11 .11   12  16  21
   4   84 59 69  47  72 19 49   76 77  4.0  22  252  0.00  .11 .13   17  22  27
   5   80 54 66  47  75 28 52   76 77  3.1   9  318  0.00  .11 .11   12  17  22
   6   82 48 65  43  81 21 50   74 76  2.2   8  308  0.00  .11 .09   11  15  20
   7   80 56 67  46  76 27 49   74 76  1.8   6  192  0.00  .07 .07   13  18  23
   8   82 55 68  51  88 29 55   76 76  2.7  13  331  0.00  .12 .10   13  18  23
   9   86 53 68  47  78 21 49   76 76  2.2   8  320  0.00  .12 .10   14  19  24
  10   85 50 67  44  81 22 47   74 76  2.2   7  328  0.00  .12 .10   13  17  22
  11   85 47 66  39  80 14 41   74 76  2.2   9  330  0.00  .12 .10   13  16  21
  12   85 47 64  35  69 12 36   72 75  2.5   8  301  0.00  .12 .11   12  16  21
  13   86 53 67  37  66 15 34   73 75  2.0   6  258  0.00  .10 .09   15  19  24
  14   86 49 65  36  66 14 38   73 75  2.2   7  307  0.00  .12 .10   14  18  23
  15   85 45 63  33  66 12 36   71 74  2.0   6  287  0.00  .11 .09   12  16  20
  16   87 47 65  31  64 10 32   72 74  2.2   6  315  0.00  .12 .10   13  17  22
  17   81 49 64  37  67 15 38   71 74  2.9  11  211  0.00  .09 .10   11  15  20
  18   78 46 62  35  76 16 40   71 73  2.7  11  322  0.00  .12 .10    9  13  17
  19   82 42 63  26  74 11 28   68 73  2.7  14  322  0.00  .14 .11   11  14  17
  20   81 43 59  30  75 13 37   67 72  1.6   7  275  0.00  .09 .07   10  13  17
  21   76 42 58  33  75 16 42   67 71  2.5   8  266  0.00  .09 .09    8  11  14
  22   87 44 65  32  70 10 32   68 71  3.1  10  302  0.00  .13 .12   13  16  20
  23   84 48 65  36  65 15 36   69 71  2.0   6  307  0.00  .11 .09   12  16  21
  24   89 45 64  35  73 13 38   69 71  1.8   7  301  0.00  .11 .09   14  17  22
  25   85 46 64  37  69 16 41   69 71  1.8   6  298  0.00  .11 .08   12  16  20
  26   88 46 64  36  70 13 40   69 71  2.0   7  301  0.00  .11 .09   13  17  21
  27   84 43 62  36  70 13 40   68 71  3.1  12  269  0.00  .11 .11   11  15  19
  28   75 39 56  36  80 19 49   66 70  2.5   6  277  0.00  .09 .08    7  10  13
  29   79 46 60  38  69 18 45   66 70  2.0   9  205  0.00  .07 .07    9  13  17
  30   72 55 62  41  69 24 46   67 69  2.0  11  102  0.00  .04 .07    9  14  19
  --- --- -- --  -- --- -- ---  -- --  --  ---  ---  ----  --- ---  --- --- ----
  AVG  83 48 64  39  73 18 42   71 74  2.5   9  287
  TOT                                                0.00  3.4 3.0  357 477 615

  *****************************************************************************
  *                          ABBREVIATIONS AND UNITS                          *
  *                                                                           *
  *   AIR TEMP : AIR TEMPERATURE IN DEGREES F          MX : MAXIMUM FOR DAY   *
  *   DEW PT   : DEWPOINT IN DEGREES F                 MN : MINIMUM FOR DAY   *
  *   REL HUM  : RELATIVE HUMIDITY IN PERCENT          AV : AVERAGE FOR DAY   *
  *   SOL      : SOLAR RADIATION IN LANGLEYS          TOT : TOTAL FOR MONTH   *
  *   WIND : WIND SPEEDS IN MILES PER HOUR                                    *
  *   SOIL : SOIL TEMPERATURE AT 4 AND 20 INCHES, IN DEGREES F                *
  *   RAIN : RAINFALL IN INCHES                                               *
  *   ETo  : REFERENCE EVAPOTRANSPIRATION IN INCHES                           *
  *      AZ: AZMET ETo   STD: STANDARDIZED PENMAN-MONTEITH ETo                *
  *                                                                           *
  *     ## or 999 : MISSING DATA, ETo & HEAT UNIT TOTALS ARE PRORATED         *
  *            55 : TEMPERATURE LIMITS = 86/55  DEGREES F                     *
  *            50 : TEMPERATURE LIMITS = 86/50  DEGREES F                     *
  *            45 : TEMPERATURE LIMITS = 86/45  DEGREES F                     *
  *****************************************************************************


                 ARIZONA METEOROLOGICAL NETWORK MONTHLY SUMMARY

                                  Queen Creek
                                  December 2017 

       AIR TEMP DEW  REL HUM   SOIL T   WIND    SOL  RAIN  ETo ETo  HEAT UNITS
 Dec   MX MN AV  PT  MX MN AV    4 20  AV  MX              AZ  STD   55  50  45
 ---  --- -- -- ---  -- -- --  --- --  --  ---  ---  ----  --- ---  --- --- ---
   1   75 51 62  42  72 26 49   67 69  1.8   8  112  0.00  .04 .06    9  13  18
   2   84 51 66  42  77 18 44   68 69  2.2  11  240  0.00  .09 .09   13  18  23
   3   80 47 62  41  77 24 47   68 69  2.7   9  252  0.00  .09 .09   10  14  18
   4   72 46 57  39  76 34 52   66 69  2.7   9  252  0.00  .08 .07    6   9  14
   5   57 43 50  31  73 26 48   62 69  2.0   9   67  0.00  .02 .05    0   2   5
   6   74 42 60  26  76  9 31   63 67  5.1  17  279  0.00  .13 .13    7  10  13
   7   63 40 53   5  34  9 14   61 67  5.6  23  292  0.00  .14 .12    2   5   8
   8   68 29 47  15  66 12 31   58 66  1.8   6  284  0.00  .09 .06    3   5   8
   9   75 31 54  19  69 12 27   58 65  3.1  12  274  0.00  .11 .10    6   9  12
  10   77 46 64  12  41  7 14   61 65  5.6  20  208  0.00  .14 .16    8  12  16
  11   80 41 60  21  47  9 24   63 65  2.2  10  280  0.00  .11 .08    9  12  16
  12   77 37 57  16  63  7 23   60 65  3.1  15  249  0.00  .11 .10    7  10  13
  13   75 38 57  20  59 11 26   61 64  2.7  11  279  0.00  .11 .08    6   9  13
  14   69 34 52  25  71 17 36   59 64  3.6  16  265  0.00  .10 .09    4   6   9
  15   72 39 58  21  58 12 25   61 64  5.1  23  274  0.00  .13 .13    6   8  12
  16   67 35 53  21  69 15 32   58 64  4.9  17  172  0.00  .08 .11    3   5   8
  17   58 43 51  44  97 32 77   58 63  4.3  26  120  0.32  .02 .04    1   3   6
  18   65 38 50  43  98 40 80   56 63  2.2   9  278  0.00  .06 .05    3   5   8
  19   67 34 49  40  97 38 74   55 62  2.7   9  282  0.00  .07 .06    3   6   9
  20   69 33 50  37  94 29 66   55 61  2.7  11  288  0.00  .08 .07    4   6   9
  21   53 33 45  26  82 24 50   54 61  6.3  18  294  0.00  .10 .07    0   0   2
  22   55 22 39  20  86 20 50   50 60  2.7  10  290  0.00  .07 .06    0   1   3
  23   59 28 42  26  83 23 56   49 59  2.2   6  202  0.00  .04 .05    1   2   4
  24   69 30 48  27  86 17 48   52 58  2.0   7  292  0.00  .08 .06    4   6   9
  25   69 32 49  28  79 16 47   53 58  2.2   7  265  0.00  .08 .06    4   6   9
  26   71 32 49  26  75 13 43   53 58  1.8   7  267  0.00  .07 .06    5   7  10
  27   71 36 51  27  75 14 42   55 58  1.8   6  269  0.00  .08 .06    5   7  10
  28   72 34 51  28  70 15 44   54 58  2.9   8  299  0.00  .10 .08    5   8  11
  29   73 33 52  26  72 14 39   55 58  2.7   8  298  0.00  .10 .08    6   8  11
  30   75 33 52  25  69 13 38   55 58  2.0   7  300  0.00  .10 .07    6   9  12
  31   66 35 49  28  75 23 45   54 58  1.8   7  194  0.00  .05 .06    3   5   8
  --- --- -- --  -- --- -- ---  -- --  --  ---  ---  ----  --- ---  --- --- ----
  AVG  70 37 53  27  73 19 43   58 63  3.1  12  249
  TOT                                                0.32  2.9 2.6  148 228 327

  *****************************************************************************
  *                          ABBREVIATIONS AND UNITS                          *
  *                                                                           *
  *   AIR TEMP : AIR TEMPERATURE IN DEGREES F          MX : MAXIMUM FOR DAY   *
  *   DEW PT   : DEWPOINT IN DEGREES F                 MN : MINIMUM FOR DAY   *
  *   REL HUM  : RELATIVE HUMIDITY IN PERCENT          AV : AVERAGE FOR DAY   *
  *   SOL      : SOLAR RADIATION IN LANGLEYS          TOT : TOTAL FOR MONTH   *
  *   WIND : WIND SPEEDS IN MILES PER HOUR                                    *
  *   SOIL : SOIL TEMPERATURE AT 4 AND 20 INCHES, IN DEGREES F                *
  *   RAIN : RAINFALL IN INCHES                                               *
  *   ETo  : REFERENCE EVAPOTRANSPIRATION IN INCHES                           *
  *      AZ: AZMET ETo   STD: STANDARDIZED PENMAN-MONTEITH ETo                *
  *                                                                           *
  *     ## or 999 : MISSING DATA, ETo & HEAT UNIT TOTALS ARE PRORATED         *
  *            55 : TEMPERATURE LIMITS = 86/55  DEGREES F                     *
  *            50 : TEMPERATURE LIMITS = 86/50  DEGREES F                     *
  *            45 : TEMPERATURE LIMITS = 86/45  DEGREES F                     *
  *****************************************************************************

