
                 ARIZONA METEOROLOGICAL NETWORK MONTHLY SUMMARY

                                  Queen Creek
                                  January 2018 

       AIR TEMP DEW  REL HUM   SOIL T   WIND    SOL  RAIN  ETo ETo  HEAT UNITS
 Jan   MX MN AV  PT  MX MN AV    4 20  AV  MX              AZ  STD   55  50  45
 ---  --- -- -- ---  -- -- --  --- --  --  ---  ---  ----  --- ---  --- --- ---
   1   71 34 51  25  75 13 38   54 58  2.2   8  285  0.00  .09 .07    5   7  10
   2   70 38 52  26  71 16 39   55 58  2.9  11  277  0.00  .10 .08    5   7  11
   3   76 38 59  21  69  8 28   56 58  3.6  13  247  0.00  .12 .11    7  10  13
   4   78 44 62  30  63 13 31   62 59  2.0   9  284  0.00  .11 .08    9  12  16
   5   78 37 55  33  80 19 47   59 60  2.0   7  294  0.00  .09 .07    8  10  14
   6   74 39 56  34  77 19 46   59 60  2.2  14  230  0.00  .07 .07    6   9  13
   7   76 46 60  36  71 22 43   62 60  2.0   6  282  0.00  .09 .07    8  11  16
   8   75 45 59  38  76 22 49   61 61  1.8   6  209  0.00  .06 .07    8  11  15
   9   78 46 63  42  98 25 51   62 61  8.1  29  235  0.32  .13 .15    9  13  17
  10   62 47 53  48  99 52 85   60 62  2.9  13  199  0.06  .04 .05    2   5  10
  11   68 38 52  45  99 41 79   58 61  2.0   7  310  0.00  .07 .06    4   6  10
  12   72 38 52  43  99 30 74   57 61  2.0   7  317  0.00  .08 .07    5   8  11
  13   79 38 56  37  98 13 58   57 60  2.2   9  321  0.00  .10 .08    8  11  15
  14   76 38 56  35  80 16 49   58 60  2.2   6  317  0.00  .10 .08    7  10  14
  15   75 40 55  35  84 18 50   58 60  2.0   6  308  0.00  .09 .07    7  10  14
  16   72 40 56  31  90 15 45   58 60  5.6  18  283  0.00  .13 .12    6   9  12
  17   70 38 53  27  73 16 41   58 60  3.4  13  313  0.00  .11 .09    5   7  10
  18   73 36 54  29  74 18 42   57 60  1.6   8  315  0.00  .10 .07    6   8  11
  19   77 33 55  30  82 14 43   58 60  2.7  11  327  0.00  .12 .09    7  10  13
  20   57 38 49  35  84 27 61   55 60  4.9  18   73  0.00  .02 .06    0   2   4
  21   55 28 42  26  93 23 56   52 59  3.6  14  338  0.00  .09 .07    0   1   3
  22   60 27 42  22  86 16 50   51 58  2.0   8  316  0.00  .08 .06    1   2   5
  23   69 26 48  19  80 11 38   52 57  2.9  13  347  0.00  .12 .09    3   6   8
  24   74 41 59  11  39  7 16   55 57  5.6  19  356  0.00  .19 .16    6   9  13
  25   76 33 56  19  67 10 26   56 57  4.0  16  347  0.00  .15 .13    6   9  12
  26   69 34 52  27  68 22 40   56 58  2.0   7  342  0.00  .11 .07    4   6   9
  27   71 32 50  24  77 12 40   55 58  3.4   9  354  0.00  .12 .10    5   7  10
  28   80 36 61  15  55  6 19   56 58  4.7  19  359  0.00  .18 .15    8  11  15
  29   81 45 66  16  51  7 16   60 58  7.2  23  367  0.00  .22 .20   10  14  18
  30   81 40 62  23  57 10 25   60 59  3.1  12  327  0.00  .14 .12    9  12  16
  31   81 34 55  26  71 11 36   59 59  2.7  10  371  0.00  .13 .11    9  11  15
  --- --- -- --  -- --- -- ---  -- --  --  ---  ---  ----  --- ---  --- --- ----
  AVG  73 38 55  29  77 18 44   57 59  3.2  12  298
  TOT                                                0.38  3.4 2.9  184 268 371

  *****************************************************************************
  *                          ABBREVIATIONS AND UNITS                          *
  *                                                                           *
  *   AIR TEMP : AIR TEMPERATURE IN DEGREES F          MX : MAXIMUM FOR DAY   *
  *   DEW PT   : DEWPOINT IN DEGREES F                 MN : MINIMUM FOR DAY   *
  *   REL HUM  : RELATIVE HUMIDITY IN PERCENT          AV : AVERAGE FOR DAY   *
  *   SOL      : SOLAR RADIATION IN LANGLEYS          TOT : TOTAL FOR MONTH   *
  *   WIND : WIND SPEEDS IN MILES PER HOUR                                    *
  *   SOIL : SOIL TEMPERATURE AT 4 AND 20 INCHES, IN DEGREES F                *
  *   RAIN : RAINFALL IN INCHES                                               *
  *   ETo  : REFERENCE EVAPOTRANSPIRATION IN INCHES                           *
  *      AZ: AZMET ETo   STD: STANDARDIZED PENMAN-MONTEITH ETo                *
  *                                                                           *
  *     ## or 999 : MISSING DATA, ETo & HEAT UNIT TOTALS ARE PRORATED         *
  *            55 : TEMPERATURE LIMITS = 86/55  DEGREES F                     *
  *            50 : TEMPERATURE LIMITS = 86/50  DEGREES F                     *
  *            45 : TEMPERATURE LIMITS = 86/45  DEGREES F                     *
  *****************************************************************************


                 ARIZONA METEOROLOGICAL NETWORK MONTHLY SUMMARY

                                  Queen Creek
                                  February 2018 

       AIR TEMP DEW  REL HUM   SOIL T   WIND    SOL  RAIN  ETo ETo  HEAT UNITS
 Feb   MX MN AV  PT  MX MN AV    4 20  AV  MX              AZ  STD   55  50  45
 ---  --- -- -- ---  -- -- --  --- --  --  ---  ---  ----  --- ---  --- --- ---
   1   81 36 57  25  65 10 33   59 60  1.8   6  357  0.00  .12 .09    9  12  15
   2   78 37 57  24  67 10 32   60 60  2.0   7  343  0.00  .12 .09    8  11  14
   3   77 37 56  26  68 12 35   60 60  2.7   9  363  0.00  .13 .11    8  10  14
   4   79 38 57  29  70 13 38   61 60  2.5   7  368  0.00  .13 .11    8  11  15
   5   82 38 58  30  76 13 39   61 60  2.7   9  354  0.00  .13 .11   10  13  16
   6   77 39 59  29  71 14 36   62 61  4.9  15  367  0.00  .16 .15    8  11  14
   7   79 39 61  20  59  7 24   63 61  4.5  18  385  0.00  .18 .15    9  12  15
   8   81 40 60  23  56  9 26   62 61  3.4  12  385  0.00  .17 .13   10  13  16
   9   80 38 59  22  59  9 27   62 61  3.4   9  386  0.00  .16 .13    9  12  15
  10   80 40 60  26  65 11 30   63 62  3.6  11  356  0.00  .15 .14    9  12  16
  11   77 48 62  25  63 12 26   65 62  5.8  19  383  0.00  .18 .17    9  13  18
  12   65 42 57  41  88 41 57   62 62  6.3  25  160  0.00  .07 .09    3   6   9
  13   73 55 62  43  70 28 51   64 62  4.5  16  268  0.00  .11 .12    9  14  19
  14   60 45 53  46  98 55 77   60 62  3.6  14   95  0.18  .01 .05    1   4   8
  15   62 51 55  51 100 65 89   60 62  1.8   6  207  0.33  .03 .06    3   6  11
  16   63 50 56  51  99 54 85   60 62  2.0   8  174  0.00  .03 .05    3   6  11
  17   72 42 57  49 100 39 79   62 61  1.6   9  380  0.00  .10 .08    6   9  12
  18   72 43 59  46  99 29 68   63 62  4.3  14  358  0.00  .11 .10    6   9  13
  19   68 45 56  42  91 31 61   61 62 10.1  33  259  0.05  .12 .13    5   8  11
  20   57 40 48  21  75 16 38   58 62  2.2  15  434  0.00  .13 .09    0   2   5
  21   58 29 45  27  92 19 55   55 61  2.9  13  367  0.00  .10 .08    1   2   4
  22   60 34 48  23  77 16 41   56 60  4.0  17  441  0.00  .14 .11    1   3   5
  23   60 29 46  28  90 25 54   55 59  5.8  22  394  0.00  .13 .11    1   2   5
  24   58 29 44  23  84 18 46   55 59  2.5  12  461  0.00  .13 .09    0   2   4
  25   63 26 46  20  87 13 43   55 59  2.2  10  468  0.00  .13 .09    2   3   6
  26   68 29 48  21  77 11 41   56 58  2.9  15  472  0.00  .15 .11    3   6   8
  27   69 31 50  28  99 12 50   57 58  6.7  28  464  0.05  .18 .15    4   6   9
  28   59 39 47  37  99 29 72   56 58  3.1  15  372  0.17  .09 .08    1   3   6
  --- --- -- --  -- --- -- ---  -- --  --  ---  ---  ----  --- ---  --- --- ----
  AVG  70 39 54  31  80 22 48   60 61  3.7  14  351
  TOT                                                0.78  3.4 3.0  142 219 313

  *****************************************************************************
  *                          ABBREVIATIONS AND UNITS                          *
  *                                                                           *
  *   AIR TEMP : AIR TEMPERATURE IN DEGREES F          MX : MAXIMUM FOR DAY   *
  *   DEW PT   : DEWPOINT IN DEGREES F                 MN : MINIMUM FOR DAY   *
  *   REL HUM  : RELATIVE HUMIDITY IN PERCENT          AV : AVERAGE FOR DAY   *
  *   SOL      : SOLAR RADIATION IN LANGLEYS          TOT : TOTAL FOR MONTH   *
  *   WIND : WIND SPEEDS IN MILES PER HOUR                                    *
  *   SOIL : SOIL TEMPERATURE AT 4 AND 20 INCHES, IN DEGREES F                *
  *   RAIN : RAINFALL IN INCHES                                               *
  *   ETo  : REFERENCE EVAPOTRANSPIRATION IN INCHES                           *
  *      AZ: AZMET ETo   STD: STANDARDIZED PENMAN-MONTEITH ETo                *
  *                                                                           *
  *     ## or 999 : MISSING DATA, ETo & HEAT UNIT TOTALS ARE PRORATED         *
  *            55 : TEMPERATURE LIMITS = 86/55  DEGREES F                     *
  *            50 : TEMPERATURE LIMITS = 86/50  DEGREES F                     *
  *            45 : TEMPERATURE LIMITS = 86/45  DEGREES F                     *
  *****************************************************************************


                 ARIZONA METEOROLOGICAL NETWORK MONTHLY SUMMARY

                                  Queen Creek
                                   March 2018 

       AIR TEMP DEW  REL HUM   SOIL T   WIND    SOL  RAIN  ETo ETo  HEAT UNITS
 Mar   MX MN AV  PT  MX MN AV    4 20  AV  MX              AZ  STD   55  50  45
 ---  --- -- -- ---  -- -- --  --- --  --  ---  ---  ----  --- ---  --- --- ---
   1   68 33 51  35  95 23 59   56 58  2.5  11  478  0.00  .14 .11    4   6   9
   2   76 34 55  34  94 13 53   59 58  2.2  12  487  0.00  .15 .12    7   9  12
   3   76 37 57  32  88 10 47   61 59  3.1  16  491  0.00  .17 .14    7  10  13
   4   64 41 53  35  82 31 51   62 60  5.1  19  486  0.00  .17 .13    3   5   8
   5   69 35 53  23  79  9 38   60 60  2.9  13  509  0.00  .17 .13    4   6   9
   6   79 38 56  23  69  6 33   61 60  2.7   8  479  0.00  .17 .14    8  11  15
   7   78 41 61  26  58 10 29   62 61  2.5   7  385  0.00  .14 .13    8  11  15
   8   81 45 62  29  74  9 33   65 61  2.7  10  446  0.00  .17 .15   10  14  18
   9   82 41 62  29  75  8 34   66 62  3.1  14  478  0.00  .19 .15   10  13  17
  10   74 47 60  42  88 20 52   65 63  4.3  23  210  0.00  .07 .11    7  11  15
  11   74 54 63  52  93 40 69   67 63  2.9  11  410  0.00  .13 .12    9  14  19
  12   83 47 65  43  93 17 51   69 64  2.9  14  507  0.00  .19 .16   12  15  20
  13   83 51 68  41  72 19 40   70 64  2.7  12  411  0.00  .16 .14   13  17  22
  14   84 47 68  42  81 20 43   71 65  5.8  22  497  0.00  .22 .20   12  16  20
  15   69 45 59  37  65 25 44   69 66  7.6  28  460  0.00  .19 .17    5   8  12
  16   72 41 58  33  75 19 42   66 66  4.9  18  416  0.00  .16 .15    6   9  12
  17   71 44 56  32  64 22 41   67 65  4.0  17  531  0.00  .19 .15    5   9  12
  18   65 45 55  30  74 18 41   67 65  5.4  18  484  0.00  .17 .15    3   6  10
  19   70 38 55  22  74  9 33   65 65  3.1  12  536  0.00  .19 .15    5   7  11
  20   78 36 59  21  62  8 26   66 65  2.5  11  549  0.00  .20 .15    8  11  14
  21   83 41 64  26  64  8 27   69 65  2.7   7  493  0.00  .19 .16   10  14  17
  22   87 49 68  38  65 13 35   71 66  3.1  12  389  0.00  .16 .16   14  18  23
  23   81 54 68  40  62 18 37   73 67  4.3  16  545  0.00  .23 .19   12  17  22
  24   78 46 63  32  81  9 35   70 67  6.3  22  399  0.00  .20 .20    9  13  17
  25   74 42 60  30  67 13 34   68 67  4.3  15  503  0.00  .19 .17    7  10  14
  26   73 43 60  27  53 15 29   70 67  4.0  17  554  0.00  .22 .17    6  10  13
  27   73 41 57  29  76 14 38   69 67  4.3  13  571  0.00  .20 .17    6   9  12
  28   75 37 59  25  73 10 30   69 67  4.3  16  588  0.00  .23 .18    7   9  12
  29   83 40 64  28  68 11 28   70 67  3.1  13  570  0.00  .23 .18   10  14  17
  30   85 46 67  30  59 10 29   73 68  3.8  16  592  0.00  .25 .21   13  16  21
  31   90 48 69  30  58  9 27   73 68  2.7  11  517  0.00  .21 .19   15  19  23
  --- --- -- --  -- --- -- ---  -- --  --  ---  ---  ----  --- ---  --- --- ----
  AVG  77 43 61  32  74 15 39   67 64  3.7  15  483
  TOT                                                0.00  5.7 4.8  255 356 477

  *****************************************************************************
  *                          ABBREVIATIONS AND UNITS                          *
  *                                                                           *
  *   AIR TEMP : AIR TEMPERATURE IN DEGREES F          MX : MAXIMUM FOR DAY   *
  *   DEW PT   : DEWPOINT IN DEGREES F                 MN : MINIMUM FOR DAY   *
  *   REL HUM  : RELATIVE HUMIDITY IN PERCENT          AV : AVERAGE FOR DAY   *
  *   SOL      : SOLAR RADIATION IN LANGLEYS          TOT : TOTAL FOR MONTH   *
  *   WIND : WIND SPEEDS IN MILES PER HOUR                                    *
  *   SOIL : SOIL TEMPERATURE AT 4 AND 20 INCHES, IN DEGREES F                *
  *   RAIN : RAINFALL IN INCHES                                               *
  *   ETo  : REFERENCE EVAPOTRANSPIRATION IN INCHES                           *
  *      AZ: AZMET ETo   STD: STANDARDIZED PENMAN-MONTEITH ETo                *
  *                                                                           *
  *     ## or 999 : MISSING DATA, ETo & HEAT UNIT TOTALS ARE PRORATED         *
  *            55 : TEMPERATURE LIMITS = 86/55  DEGREES F                     *
  *            50 : TEMPERATURE LIMITS = 86/50  DEGREES F                     *
  *            45 : TEMPERATURE LIMITS = 86/45  DEGREES F                     *
  *****************************************************************************


                 ARIZONA METEOROLOGICAL NETWORK MONTHLY SUMMARY

                                  Queen Creek
                                   April 2018 

       AIR TEMP DEW  REL HUM   SOIL T   WIND    SOL  RAIN  ETo ETo  HEAT UNITS
 Apr   MX MN AV  PT  MX MN AV    4 20  AV  MX              AZ  STD   55  50  45
 ---  --- -- -- ---  -- -- --  --- --  --  ---  ---  ----  --- ---  --- --- ---
   1   89 52 72  26  59  7 21   74 69  4.3  14  472  0.00  .22 .22   16  20  25
   2   88 45 68  23  51  5 20   74 69  5.1  18  606  0.00  .29 .25   13  17  21
   3   85 48 69  29  52 11 24   75 70  2.9  11  578  0.00  .24 .19   13  17  22
   4   89 46 69  32  67 11 29   76 70  3.6  14  560  0.00  .24 .21   14  17  22
   5   90 49 71  33  64 10 29   76 71  3.6  15  566  0.00  .24 .22   15  19  24
   6   90 56 73  31  54  9 24   77 71  5.6  18  536  0.00  .27 .26   17  22  27
   7   93 61 78  37  45 11 25   80 72  6.0  17  588  0.00  .30 .28   21  25  30
   8   90 61 76  40  60 12 31   82 73  5.6  20  598  0.00  .29 .26   20  25  30
   9   93 48 74  25  61  5 19   80 74  4.3  13  629  0.00  .30 .25   15  20  24
  10   98 51 76  23  46  5 16   80 74  2.7  10  597  0.00  .26 .22   17  22  27
  11   95 49 75  24  53  6 18   80 74  4.3  14  561  0.00  .27 .25   16  20  25
  12   87 56 71  23  47  7 19   78 74 11.6  35  565  0.00  .37 .36   16  21  26
  13   73 51 63   7  26  6 11   75 74 10.7  29  649  0.00  .35 .30    8  12  17
  14   78 45 64  12  36  7 14   74 73  4.0  21  653  0.00  .27 .22    9  13  17
  15   90 45 69  16  43  3 16   75 73  3.1  12  621  0.00  .27 .22   14  18  22
  16   87 49 71  16  36  5 14   76 73  4.7  19  441  0.00  .22 .23   14  18  23
  17   74 52 64  18  46  6 19   76 73  5.6  19  648  0.00  .28 .24    9  13  18
  18   83 39 63  16  51  6 19   75 73  3.4  15  650  0.00  .26 .21   10  13  17
  19   88 46 65  21  42  6 20   75 73  8.1  28  567  0.00  .30 .31   13  17  21
  20   74 43 62  29  68 17 31   74 73  5.1  18  646  0.00  .26 .21    7  10  14
  21   85 46 69  30  67 13 27   76 72  3.1  14  639  0.00  .26 .21   12  16  21
  22   94 51 75  31  65  7 24   80 73  3.4  13  648  0.00  .28 .24   16  21  26
  23   94 53 76  29  49  8 21   82 74  3.6  14  649  0.00  .29 .25   17  22  27
  24   95 55 77  29  50  7 20   83 75  3.8  13  661  0.00  .31 .26   18  23  28
  25   96 56 78  30  50  7 19   84 76  3.6  13  661  0.00  .30 .26   19  24  29
  26   94 57 77  32  47 10 21   83 76  4.0  14  517  0.00  .25 .24   19  24  29
  27   98 61 81  37  49  8 23   85 77  4.5  13  649  0.00  .31 .29   22  27  32
  28   96 61 79  36  55 10 24   86 78  4.9  17  655  0.00  .32 .30   21  26  31
  29   92 55 76  26  54  5 21   84 78  8.9  27  654  0.00  .37 .36   17  22  27
  30   85 55 72  27  48 11 20   83 78  6.3  18  613  0.00  .30 .28   15  20  25
  --- --- -- --  -- --- -- ---  -- --  --  ---  ---  ----  --- ---  --- --- ----
  AVG  89 51 72  26  51  8 21   79 73  5.0  17  603
  TOT                                                0.00  8.5 7.6  453 584 727

  *****************************************************************************
  *                          ABBREVIATIONS AND UNITS                          *
  *                                                                           *
  *   AIR TEMP : AIR TEMPERATURE IN DEGREES F          MX : MAXIMUM FOR DAY   *
  *   DEW PT   : DEWPOINT IN DEGREES F                 MN : MINIMUM FOR DAY   *
  *   REL HUM  : RELATIVE HUMIDITY IN PERCENT          AV : AVERAGE FOR DAY   *
  *   SOL      : SOLAR RADIATION IN LANGLEYS          TOT : TOTAL FOR MONTH   *
  *   WIND : WIND SPEEDS IN MILES PER HOUR                                    *
  *   SOIL : SOIL TEMPERATURE AT 4 AND 20 INCHES, IN DEGREES F                *
  *   RAIN : RAINFALL IN INCHES                                               *
  *   ETo  : REFERENCE EVAPOTRANSPIRATION IN INCHES                           *
  *      AZ: AZMET ETo   STD: STANDARDIZED PENMAN-MONTEITH ETo                *
  *                                                                           *
  *     ## or 999 : MISSING DATA, ETo & HEAT UNIT TOTALS ARE PRORATED         *
  *            55 : TEMPERATURE LIMITS = 86/55  DEGREES F                     *
  *            50 : TEMPERATURE LIMITS = 86/50  DEGREES F                     *
  *            45 : TEMPERATURE LIMITS = 86/45  DEGREES F                     *
  *****************************************************************************


                 ARIZONA METEOROLOGICAL NETWORK MONTHLY SUMMARY

                                  Queen Creek
                                    May 2018 

       AIR TEMP DEW  REL HUM   SOIL T   WIND    SOL  RAIN  ETo ETo  HEAT UNITS
 May   MX MN AV  PT  MX MN AV    4 20  AV  MX              AZ  STD   55  50  45
 ---  --- -- -- ---  -- -- --  --- --  --  ---  ---  ----  --- ---  --- --- ---
   1   75 50 65  35  73 16 34   79 78  7.6  32  446  0.01  .21 .22    9  13  18
   2   73 50 62  41  89 26 50   76 77  5.8  26  511  0.00  .20 .19    7  11  16
   3   80 45 65  34  76 16 35   77 76  3.8  14  682  0.00  .26 .21   10  13  17
   4   92 51 73  33  69  8 28   81 76  3.1  14  698  0.00  .30 .24   16  20  25
   5  101 56 82  26  54  5 16   84 76  5.1  24  703  0.00  .37 .33   20  25  30
   6  105 67 87  30  36  6 14   87 77  5.1  18  608  0.00  .33 .32   25  30  35
   7  101 65 85  30  40  7 15   88 78  3.8  11  588  0.00  .29 .27   24  29  34
   8  102 58 83  28  43  5 16   88 79  4.0  12  704  0.00  .34 .30   21  26  31
   9  102 58 83  29  58  5 16   89 80  4.0  17  704  0.00  .34 .30   21  26  31
  10  104 60 85  30  53  5 16   90 81  6.0  26  705  0.00  .38 .36   22  27  32
  11   99 61 84  31  48  8 16   89 81 11.4  29  670  0.00  .45 .45   22  27  32
  12   91 60 78  33  51 11 21   87 82 10.1  27  699  0.00  .41 .38   19  24  29
  13   89 54 74  28  48  7 21   86 81  5.6  20  719  0.00  .34 .30   16  21  26
  14   94 51 76  29  54 10 19   86 81  5.1  21  706  0.00  .33 .30   16  21  26
  15   95 55 78  28  43  8 18   87 81  4.3  15  716  0.00  .33 .28   18  23  28
  16   97 56 80  27  52  6 16   88 81  3.8  13  720  0.00  .33 .28   19  24  29
  17   96 60 80  24  36  5 14   89 82  6.5  25  722  0.00  .39 .35   21  26  31
  18   92 59 77  22  30  6 14   88 82  4.5  20  722  0.00  .34 .29   19  25  30
  19   96 54 78  27  48  6 17   88 82  3.1  17  721  0.00  .32 .27   18  23  28
  20   97 59 80  28  44  6 18   89 82  4.3  20  712  0.00  .34 .29   20  25  30
  21   96 56 80  29  69  6 18   89 82  6.3  23  713  0.00  .38 .34   19  24  29
  22   93 63 78  28  33  8 18   89 83  6.0  23  715  0.00  .36 .33   21  26  31
  23   93 58 77  31  45  8 21   88 83  4.3  19  720  0.00  .33 .28   19  24  29
  24   98 59 80  31  43  7 19   89 83  4.7  17  719  0.00  .35 .31   21  26  31
  25  100 59 82  30  51  6 17   90 83  5.1  18  726  0.00  .37 .33   21  26  31
  26   92 62 77  32  52  9 22   89 83  5.1  19  611  0.00  .30 .28   21  26  31
  27   91 55 76  37  64 11 27   88 83  3.1  12  712  0.00  .30 .25   17  22  27
  28   94 58 79  36  59 10 24   90 83  3.8  15  728  0.00  .33 .28   19  24  29
  29   99 62 83  38  55  9 22   91 83  3.8  14  646  0.00  .30 .28   22  27  32
  30  100 68 86  31  43  6 16   93 84  5.4  17  735  0.00  .37 .34   25  30  35
  31  100 60 82  29  55  4 19   92 85  5.6  21  753  0.00  .39 .35   21  26  31
  --- --- -- --  -- --- -- ---  -- --  --  ---  ---  ----  --- ---  --- --- ----
  AVG  95 58 79  30  52  8 21   87 81  5.2  19  685
  TOT                                                0.01 10.4 9.3  590 740 894

  *****************************************************************************
  *                          ABBREVIATIONS AND UNITS                          *
  *                                                                           *
  *   AIR TEMP : AIR TEMPERATURE IN DEGREES F          MX : MAXIMUM FOR DAY   *
  *   DEW PT   : DEWPOINT IN DEGREES F                 MN : MINIMUM FOR DAY   *
  *   REL HUM  : RELATIVE HUMIDITY IN PERCENT          AV : AVERAGE FOR DAY   *
  *   SOL      : SOLAR RADIATION IN LANGLEYS          TOT : TOTAL FOR MONTH   *
  *   WIND : WIND SPEEDS IN MILES PER HOUR                                    *
  *   SOIL : SOIL TEMPERATURE AT 4 AND 20 INCHES, IN DEGREES F                *
  *   RAIN : RAINFALL IN INCHES                                               *
  *   ETo  : REFERENCE EVAPOTRANSPIRATION IN INCHES                           *
  *      AZ: AZMET ETo   STD: STANDARDIZED PENMAN-MONTEITH ETo                *
  *                                                                           *
  *     ## or 999 : MISSING DATA, ETo & HEAT UNIT TOTALS ARE PRORATED         *
  *            55 : TEMPERATURE LIMITS = 86/55  DEGREES F                     *
  *            50 : TEMPERATURE LIMITS = 86/50  DEGREES F                     *
  *            45 : TEMPERATURE LIMITS = 86/45  DEGREES F                     *
  *****************************************************************************


                 ARIZONA METEOROLOGICAL NETWORK MONTHLY SUMMARY

                                  Queen Creek
                                   June 2018 

       AIR TEMP DEW  REL HUM   SOIL T   WIND    SOL  RAIN  ETo ETo  HEAT UNITS
 Jun   MX MN AV  PT  MX MN AV    4 20  AV  MX              AZ  STD   55  50  45
 ---  --- -- -- ---  -- -- --  --- --  --  ---  ---  ----  --- ---  --- --- ---
   1   99 59 82  31  55  6 19   92 85  3.1  11  746  0.00  .33 .28   21  26  31
   2  103 61 84  31  52  5 17   93 85  4.0  15  741  0.00  .36 .31   23  27  32
   3  106 60 85  29  51  4 16   94 85  3.8  14  752  0.00  .37 .31   22  27  32
   4  108 58 87  28  58  4 15   94 86  4.3  14  724  0.00  .36 .34   21  26  31
   5  104 66 88  37  38  9 18   95 86  4.5  16  708  0.00  .35 .32   24  30  35
   6  103 64 85  33  53  6 19   95 87  3.8  13  693  0.00  .33 .30   24  29  34
   7  102 65 86  31  36  7 15   94 87  3.8  17  737  0.00  .35 .30   24  29  34
   8  106 67 88  31  38  5 15   95 87  4.0  14  736  0.00  .37 .32   25  30  35
   9  108 67 89  31  45  6 14   96 87  4.9  16  732  0.00  .39 .35   25  30  35
  10  104 64 87  32  50  6 17   96 88  5.1  19  748  0.00  .39 .35   24  29  34
  11  104 64 86  33  48  6 18   96 88  4.5  15  751  0.00  .37 .33   24  29  34
  12  107 60 87  32  59  4 18   96 88  4.3  21  719  0.00  .36 .33   22  27  32
  13  108 70 91  37  44  7 17   97 89  4.5  18  601  0.00  .32 .32   26  31  36
  14  107 75 93  43  47 10 19   99 89  4.9  20  711  0.00  .38 .35   28  33  38
  15   93 73 84  56  81 24 39   95 90  5.8  18  308  0.00  .17 .22   26  31  36
  16   78 67 73  66  98 64 80   88 89  4.3  12  248  0.60  .07 .10   17  22  27
  17   96 64 81  51  91 12 44   88 87  5.8  19  727  0.00  .34 .31   23  28  33
  18  100 62 82  42  71 11 29   91 86  3.1  15  745  0.00  .33 .28   22  27  32
  19   98 63 83  42  65  9 27   93 87  4.0  15  751  0.00  .35 .30   22  27  32
  20  103 62 86  41  66  8 25   94 87  4.0  13  752  0.00  .36 .32   23  28  33
  21  105 71 89  42  46  9 22   96 87  4.3  13  746  0.00  .37 .33   26  31  36
  22  107 65 90  40  57  5 21   97 88  4.5  13  760  0.00  .39 .34   24  29  34
  23  104 65 89  46  57 11 25   97 89  5.8  17  732  0.00  .39 .36   24  29  34
  24  101 71 87  49  48 13 28   98 89  4.3  19  728  0.00  .35 .31   26  31  36
  25  102 68 88  42  51  9 23   98 90  3.4  13  735  0.00  .35 .30   25  30  35
  26  105 65 88  42  59  8 23   98 90  3.8  15  745  0.00  .36 .31   24  29  34
  27  105 64 89  41  61  8 21   98 90  3.6  14  737  0.00  .35 .31   24  29  34
  28  104 70 89  46  50 10 25   99 91  4.5  14  722  0.00  .36 .33   26  31  36
  29  103 70 89  46  50  8 24  100 91  5.8  17  707  0.00  .37 .35   26  31  36
  30  101 62 86  36  66  7 20   98 91  3.8  12  750  0.00  .35 .31   22  27  32
  --- --- -- --  -- --- -- ---  -- --  --  ---  ---  ----  --- ---  --- --- ----
  AVG 102 65 86  40  56 10 24   95 88  4.3  15  700
  TOT                                                0.60 10.3 9.3  715 864 1014

  *****************************************************************************
  *                          ABBREVIATIONS AND UNITS                          *
  *                                                                           *
  *   AIR TEMP : AIR TEMPERATURE IN DEGREES F          MX : MAXIMUM FOR DAY   *
  *   DEW PT   : DEWPOINT IN DEGREES F                 MN : MINIMUM FOR DAY   *
  *   REL HUM  : RELATIVE HUMIDITY IN PERCENT          AV : AVERAGE FOR DAY   *
  *   SOL      : SOLAR RADIATION IN LANGLEYS          TOT : TOTAL FOR MONTH   *
  *   WIND : WIND SPEEDS IN MILES PER HOUR                                    *
  *   SOIL : SOIL TEMPERATURE AT 4 AND 20 INCHES, IN DEGREES F                *
  *   RAIN : RAINFALL IN INCHES                                               *
  *   ETo  : REFERENCE EVAPOTRANSPIRATION IN INCHES                           *
  *      AZ: AZMET ETo   STD: STANDARDIZED PENMAN-MONTEITH ETo                *
  *                                                                           *
  *     ## or 999 : MISSING DATA, ETo & HEAT UNIT TOTALS ARE PRORATED         *
  *            55 : TEMPERATURE LIMITS = 86/55  DEGREES F                     *
  *            50 : TEMPERATURE LIMITS = 86/50  DEGREES F                     *
  *            45 : TEMPERATURE LIMITS = 86/45  DEGREES F                     *
  *****************************************************************************


                 ARIZONA METEOROLOGICAL NETWORK MONTHLY SUMMARY

                                  Queen Creek
                                   July 2018 

       AIR TEMP DEW  REL HUM   SOIL T   WIND    SOL  RAIN  ETo ETo  HEAT UNITS
 Jul   MX MN AV  PT  MX MN AV    4 20  AV  MX              AZ  STD   55  50  45
 ---  --- -- -- ---  -- -- --  --- --  --  ---  ---  ----  --- ---  --- --- ---
   1  102 60 84  36  62  6 20   97 91  3.4  14  760  0.00  .35 .30   22  27  32
   2  103 62 86  40  58  8 22   98 91  3.1  14  739  0.00  .34 .29   23  27  32
   3  104 65 89  42  59 10 21   98 91  5.1  17  721  0.00  .38 .34   24  29  34
   4  104 71 89  48  56 11 26  100 91  2.9  12  701  0.00  .33 .28   27  32  37
   5  111 71 93  50  66 11 25  101 92  6.0  32  661  0.00  .37 .38   27  32  37
   6  107 86 96  53  44 14 24  103 92  9.2  26  687  0.00  .43 .44   31  36  41
   7  113 77 98  52  55 11 24  103 93  4.5  23  652  0.00  .35 .33   29  34  39
   8  108 79 93  60  62 15 35  104 94  4.0  24  636  0.00  .31 .31   30  34  39
   9  104 72 83  66  87 20 59  102 94  4.0  37  530  0.02  .24 .26   27  32  37
  10   96 72 80  68  93 30 70   96 94  4.3  24  507  0.00  .20 .22   26  31  36
  11   95 74 83  68  88 34 62   97 93  4.3  25  487  0.00  .21 .22   27  32  37
  12  100 73 86  67  90 27 58   99 92  3.1  17  568  0.00  .24 .24   27  32  37
  13  100 75 88  65  79 24 49  100 92  4.0  18  587  0.00  .26 .26   28  33  38
  14  100 80 88  65  70 26 50   99 93  3.4  17  412  0.00  .19 .21   30  35  40
  15   96 80 86  67  76 31 53   98 93  4.3  15  472  0.00  .22 .23   29  34  39
  16  102 79 89  65  73 25 47  100 92  3.4  17  558  0.00  .25 .25   29  34  39
  17  105 77 90  64  76 20 46  102 93  4.5  26  675  0.00  .31 .31   29  34  39
  18   98 74 88  67  81 33 52  102 93  4.7  18  641  0.00  .29 .28   27  32  37
  19  101 78 91  67  75 29 46  103 94  3.8  13  646  0.00  .30 .28   29  34  39
  20  103 79 93  65  68 26 41  104 94  2.9  12  581  0.00  .27 .25   30  34  39
  21   97 77 88  64  72 30 47  103 95  5.4  22  615  0.00  .30 .28   28  33  38
  22  103 74 90  59  72 16 39  102 95  3.1  14  688  0.00  .32 .28   28  33  38
  23  110 76 94  56  56 13 30  103 95  3.1  13  674  0.00  .33 .30   29  34  39
  24  113 76 95  58  61 11 32  104 95  2.9  12  626  0.00  .31 .28   29  34  39
  25  111 81 95  58  58 14 31  105 96  3.6  13  658  0.00  .33 .30   30  35  40
  26  103 83 93  62  61 21 36  104 96  4.0  15  523  0.00  .26 .26   30  35  40
  27  108 81 94  59  55 17 32  104 96  6.0  22  603  0.00  .33 .34   30  35  40
  28  104 80 92  64  75 23 42  105 96  4.0  21  639  0.06  .30 .29   30  35  40
  29   98 74 85  69  91 30 62  100 96  4.0  14  512  0.05  .22 .23   27  32  37
  30  105 77 89  68  83 20 53  101 96  4.3  29  625  0.01  .28 .29   29  34  39
  31  104 76 89  65  85 21 50  101 95  2.9  12  647  0.00  .28 .27   28  33  38
  --- --- -- --  -- --- -- ---  -- --  --  ---  ---  ----  --- ---  --- --- ----
  AVG 103 75 90  60  71 20 41  101 94  4.1  19  614
  TOT                                                0.14  9.1 8.8 866 1021 1176

  *****************************************************************************
  *                          ABBREVIATIONS AND UNITS                          *
  *                                                                           *
  *   AIR TEMP : AIR TEMPERATURE IN DEGREES F          MX : MAXIMUM FOR DAY   *
  *   DEW PT   : DEWPOINT IN DEGREES F                 MN : MINIMUM FOR DAY   *
  *   REL HUM  : RELATIVE HUMIDITY IN PERCENT          AV : AVERAGE FOR DAY   *
  *   SOL      : SOLAR RADIATION IN LANGLEYS          TOT : TOTAL FOR MONTH   *
  *   WIND : WIND SPEEDS IN MILES PER HOUR                                    *
  *   SOIL : SOIL TEMPERATURE AT 4 AND 20 INCHES, IN DEGREES F                *
  *   RAIN : RAINFALL IN INCHES                                               *
  *   ETo  : REFERENCE EVAPOTRANSPIRATION IN INCHES                           *
  *      AZ: AZMET ETo   STD: STANDARDIZED PENMAN-MONTEITH ETo                *
  *                                                                           *
  *     ## or 999 : MISSING DATA, ETo & HEAT UNIT TOTALS ARE PRORATED         *
  *            55 : TEMPERATURE LIMITS = 86/55  DEGREES F                     *
  *            50 : TEMPERATURE LIMITS = 86/50  DEGREES F                     *
  *            45 : TEMPERATURE LIMITS = 86/45  DEGREES F                     *
  *****************************************************************************


                 ARIZONA METEOROLOGICAL NETWORK MONTHLY SUMMARY

                                  Queen Creek
                                   August 2018 

       AIR TEMP DEW  REL HUM   SOIL T   WIND    SOL  RAIN  ETo ETo  HEAT UNITS
 Aug   MX MN AV  PT  MX MN AV    4 20  AV  MX              AZ  STD   55  50  45
 ---  --- -- -- ---  -- -- --  --- --  --  ---  ---  ----  --- ---  --- --- ---
   1  106 77 92  65  81 20 45  103 95  3.6  21  637  0.00  .30 .28   29  34  39
   2  109 77 92  62  69 17 39  104 96  3.4  25  611  0.00  .29 .28   29  34  39
   3  105 77 91  63  74 20 42  105 96  2.0  13  642  0.00  .29 .25   29  34  39
   4  110 77 92  61  62 17 38  105 96  2.7  13  653  0.00  .30 .28   29  34  39
   5  110 76 93  59  67 12 35  105 97  2.7  13  648  0.00  .30 .27   29  34  39
   6  107 77 93  55  56 13 30  105 97  3.4  13  653  0.00  .32 .28   29  34  39
   7  105 82 93  62  63 19 37  105 97  5.1  23  629  0.00  .31 .31   30  35  40
   8  100 75 86  64  80 27 51  103 97  4.0  21  509  0.00  .23 .24   28  33  38
   9  100 72 88  62  85 25 45  102 97  5.1  33  582  0.16  .28 .28   26  31  36
  10   95 70 82  65  93 27 59   97 96  4.7  27  535  0.17  .23 .23   25  30  35
  11  101 75 88  61  82 20 43   98 95  4.9  15  642  0.00  .30 .30   28  33  38
  12  100 73 85  61  81 18 48   98 95  5.6  32  621  0.40  .30 .30   27  32  37
  13   95 71 84  65  94 31 57   94 94  4.3  19  616  0.01  .27 .25   26  31  36
  14   99 75 88  65  85 27 50   97 93  5.1  21  601  0.00  .28 .28   28  33  38
  15   95 75 83  65  83 29 58   95 93  4.7  28  392  0.00  .17 .20   27  32  37
  16   97 76 85  68  83 33 60   95 93  4.7  15  438  0.00  .19 .22   28  33  38
  17  100 76 88  67  79 27 51   98 92  3.6  14  612  0.00  .28 .26   28  33  38
  18  103 78 91  65  75 25 45   99 93  4.5  15  567  0.00  .28 .27   29  34  39
  19  103 76 90  63  71 22 44  100 93  4.0  12  624  0.00  .30 .28   28  33  38
  20  104 78 92  61  66 22 37  100 94  5.8  26  581  0.00  .31 .31   29  34  39
  21   98 79 89  58  55 23 37  100 94  4.7  13  471  0.00  .24 .25   29  34  39
  22   99 77 88  65  83 27 49   98 94  4.9  19  513  0.03  .24 .25   28  34  39
  23   96 73 85  67  88 35 58   98 94  6.0  28  532  0.31  .25 .24   26  31  36
  24   99 73 84  65  88 27 56   96 93  5.1  29  594  0.00  .27 .27   27  32  37
  25  100 71 85  64  91 21 54   96 93  3.1  11  569  0.07  .24 .23   26  31  36
  26  100 74 88  64  81 24 49   97 92  3.6  12  528  0.00  .23 .23   27  32  37
  27  102 72 88  52  78 11 34   97 93  4.3  17  625  0.00  .31 .28   27  32  37
  28  102 68 86  46  61 10 28   96 92  4.0  12  622  0.00  .30 .27   25  30  35
  29  103 66 86  49  66 13 31   96 92  3.1  11  608  0.00  .28 .25   24  29  34
  30  100 74 88  56  64 18 37   96 92  4.7  19  454  0.00  .24 .25   28  33  38
  31  102 71 88  58  71 20 38   97 92  3.8  12  589  0.00  .28 .26   26  31  36
  --- --- -- --  -- --- -- ---  -- --  --  ---  ---  ----  --- ---  --- --- ----
  AVG 101 75 88  61  76 22 45   99 94  4.2  19  577
  TOT                                                1.15  8.4 8.1 854 1009 1164

  *****************************************************************************
  *                          ABBREVIATIONS AND UNITS                          *
  *                                                                           *
  *   AIR TEMP : AIR TEMPERATURE IN DEGREES F          MX : MAXIMUM FOR DAY   *
  *   DEW PT   : DEWPOINT IN DEGREES F                 MN : MINIMUM FOR DAY   *
  *   REL HUM  : RELATIVE HUMIDITY IN PERCENT          AV : AVERAGE FOR DAY   *
  *   SOL      : SOLAR RADIATION IN LANGLEYS          TOT : TOTAL FOR MONTH   *
  *   WIND : WIND SPEEDS IN MILES PER HOUR                                    *
  *   SOIL : SOIL TEMPERATURE AT 4 AND 20 INCHES, IN DEGREES F                *
  *   RAIN : RAINFALL IN INCHES                                               *
  *   ETo  : REFERENCE EVAPOTRANSPIRATION IN INCHES                           *
  *      AZ: AZMET ETo   STD: STANDARDIZED PENMAN-MONTEITH ETo                *
  *                                                                           *
  *     ## or 999 : MISSING DATA, ETo & HEAT UNIT TOTALS ARE PRORATED         *
  *            55 : TEMPERATURE LIMITS = 86/55  DEGREES F                     *
  *            50 : TEMPERATURE LIMITS = 86/50  DEGREES F                     *
  *            45 : TEMPERATURE LIMITS = 86/45  DEGREES F                     *
  *****************************************************************************


                 ARIZONA METEOROLOGICAL NETWORK MONTHLY SUMMARY

                                  Queen Creek
                                September 2018 

       AIR TEMP DEW  REL HUM   SOIL T   WIND    SOL  RAIN  ETo ETo  HEAT UNITS
 Sep   MX MN AV  PT  MX MN AV    4 20  AV  MX              AZ  STD   55  50  45
 ---  --- -- -- ---  -- -- --  --- --  --  ---  ---  ----  --- ---  --- --- ---
   1  101 73 90  57  71 16 35   98 92  4.0  14  450  0.00  .22 .23   27  32  37
   2   99 73 85  58  66 20 43   97 92  8.3  36  539  0.00  .29 .31   27  32  37
   3   96 67 83  58  87 23 48   96 92  3.8  20  583  0.00  .25 .23   24  29  34
   4   99 71 85  57  69 21 41   97 92  3.6  13  556  0.00  .25 .24   26  31  36
   5  101 71 85  58  76 15 45   97 92  4.0  14  575  0.00  .26 .25   26  31  36
   6  103 71 88  53  70 14 35   97 92  4.9  19  580  0.00  .30 .28   26  31  36
   7  103 73 89  51  56 14 30   97 92  5.1  15  578  0.00  .30 .29   27  32  37
   8  106 73 90  51  57 12 30   98 92  4.3  17  572  0.00  .30 .28   27  32  37
   9  102 73 88  55  64 19 35   98 92  4.7  13  566  0.00  .28 .27   27  32  37
  10  103 74 89  53  60 12 32   98 93  4.5  16  552  0.00  .28 .26   28  32  37
  11  107 67 89  47  63 10 27   98 93  3.8  13  569  0.00  .29 .26   25  30  35
  12  104 71 88  42  50  9 22   97 93  4.5  15  570  0.00  .30 .27   27  32  37
  13  105 64 86  37  51  7 20   95 92  3.6  13  567  0.00  .28 .25   24  29  34
  14  107 65 87  43  56 10 24   96 92  3.4  13  552  0.00  .28 .24   24  29  34
  15  108 68 89  44  54 10 24   96 92  4.0  15  527  0.00  .28 .26   26  31  36
  16  101 74 89  56  62 19 35   97 92  3.8  12  536  0.00  .26 .24   27  32  37
  17  103 75 89  54  54 16 33   98 92  3.8  12  533  0.00  .27 .24   28  33  38
  18  100 73 87  54  57 18 35   97 92  4.5  13  508  0.00  .26 .24   27  32  37
  19   87 70 78  67  97 39 72   92 92  4.3  17  110  0.27  .05 .09   23  28  33
  20   91 69 78  68  98 33 74   89 91  3.1  11  507  0.00  .19 .18   24  29  34
  21   96 70 83  62  90 17 55   91 90  3.6  13  520  0.00  .22 .21   26  30  35
  22  100 71 85  51  77 14 35   91 89  6.7  20  523  0.00  .30 .29   26  31  36
  23  100 66 86  42  66  8 25   91 89  5.4  19  536  0.00  .30 .27   24  29  34
  24   99 71 86  54  53 21 34   92 89  4.5  15  478  0.00  .24 .23   26  31  36
  25   97 69 83  49  60 15 33   92 89  3.4  14  494  0.00  .23 .20   25  30  35
  26   99 66 83  49  69 14 34   92 89  4.0  13  511  0.00  .25 .22   24  29  34
  27  101 65 84  47  67 12 33   91 89  3.8  13  511  0.00  .25 .22   24  29  34
  28  102 65 85  44  62 11 27   91 89  4.0  15  508  0.00  .26 .23   24  29  34
  29  100 66 85  47  62 14 29   92 89  3.8  13  498  0.00  .25 .22   24  29  34
  30   96 68 81  55  83 21 46   91 89  6.3  25  378  0.01  .20 .23   24  30  35
  --- --- -- --  -- --- -- ---  -- --  --  ---  ---  ----  --- ---  --- --- ----
  AVG 101 70 86  52  67 16 36   95 91  4.4  16  516
  TOT                                                0.28  7.7 7.2  767 916 1066

  *****************************************************************************
  *                          ABBREVIATIONS AND UNITS                          *
  *                                                                           *
  *   AIR TEMP : AIR TEMPERATURE IN DEGREES F          MX : MAXIMUM FOR DAY   *
  *   DEW PT   : DEWPOINT IN DEGREES F                 MN : MINIMUM FOR DAY   *
  *   REL HUM  : RELATIVE HUMIDITY IN PERCENT          AV : AVERAGE FOR DAY   *
  *   SOL      : SOLAR RADIATION IN LANGLEYS          TOT : TOTAL FOR MONTH   *
  *   WIND : WIND SPEEDS IN MILES PER HOUR                                    *
  *   SOIL : SOIL TEMPERATURE AT 4 AND 20 INCHES, IN DEGREES F                *
  *   RAIN : RAINFALL IN INCHES                                               *
  *   ETo  : REFERENCE EVAPOTRANSPIRATION IN INCHES                           *
  *      AZ: AZMET ETo   STD: STANDARDIZED PENMAN-MONTEITH ETo                *
  *                                                                           *
  *     ## or 999 : MISSING DATA, ETo & HEAT UNIT TOTALS ARE PRORATED         *
  *            55 : TEMPERATURE LIMITS = 86/55  DEGREES F                     *
  *            50 : TEMPERATURE LIMITS = 86/50  DEGREES F                     *
  *            45 : TEMPERATURE LIMITS = 86/45  DEGREES F                     *
  *****************************************************************************


                 ARIZONA METEOROLOGICAL NETWORK MONTHLY SUMMARY

                                  Queen Creek
                                  October 2018 

       AIR TEMP DEW  REL HUM   SOIL T   WIND    SOL  RAIN  ETo ETo  HEAT UNITS
 Oct   MX MN AV  PT  MX MN AV    4 20  AV  MX              AZ  STD   55  50  45
 ---  --- -- -- ---  -- -- --  --- --  --  ---  ---  ----  --- ---  --- --- ---
   1   77 68 72  69  96 72 89   84 88  3.8  11  136  0.16  .03 .06   18  23  28
   2   78 70 73  70  97 77 91   81 87  5.4  17  155  0.34  .04 .07   19  24  29
   3   86 70 76  69  97 50 81   82 85  3.1  10  332  0.00  .11 .12   23  28  33
   4   87 66 76  61  96 29 65   83 84  3.6  14  475  0.00  .19 .16   21  26  31
   5   84 63 72  56  95 29 62   83 84  3.1  11  456  0.00  .17 .15   19  23  28
   6   86 57 72  52  92 23 54   81 84  5.6  18  449  0.00  .20 .19   17  22  27
   7   71 55 64  53  94 43 71   76 83  5.6  23  294  0.36  .10 .11    8  13  18
   8   74 52 63  49  95 32 66   74 81  3.8  13  455  0.00  .15 .13    8  13  18
   9   78 52 65  45  91 17 54   75 80  4.0  15  474  0.00  .18 .15   11  15  20
  10   82 49 67  45  85 22 50   75 79  3.8  18  460  0.00  .18 .15   12  16  21
  11   83 58 71  53  81 33 56   77 79  4.9  15  323  0.00  .14 .14   15  20  25
  12   78 64 69  60  96 46 74   75 79  4.3  14  172  0.13  .06 .09   16  21  26
  13   69 62 65  61  98 67 87   71 78  5.4  19  149  0.45  .03 .06   10  15  20
  14   76 56 65  57  99 40 77   72 77  2.7   9  426  0.00  .13 .11   11  16  21
  15   76 58 66  48  95 26 57   73 76  5.8  24  376  0.04  .14 .15   12  17  22
  16   69 55 60  45  83 39 58   69 76  8.5  27  335  0.02  .13 .15    7  12  17
  17   76 49 64  42  85 28 49   69 75  6.7  22  438  0.00  .19 .16    8  12  17
  18   79 51 67  45  83 26 49   71 74  4.5  14  438  0.00  .18 .15   11  15  20
  19   85 56 72  50  76 29 47   74 74  5.8  19  431  0.00  .19 .18   15  20  25
  20   91 61 79  51  78 24 41   76 75  9.4  29  405  0.00  .26 .25   20  25  30
  21   86 68 77  50  68 28 39   78 76 10.3  30  322  0.00  .22 .24   22  27  32
  22   85 63 74  57  80 38 57   77 76  5.1  21  332  0.02  .15 .15   19  24  29
  23   86 60 72  58  88 34 63   76 76  5.1  31  271  0.01  .11 .14   18  23  28
  24   83 54 68  53  94 31 62   75 76  2.5   9  410  0.00  .14 .12   14  19  24
  25   83 53 68  52  95 24 62   75 76  3.1  12  403  0.00  .15 .13   13  18  23
  26   85 52 68  50  91 20 57   75 76  3.1  11  402  0.00  .15 .13   14  19  24
  27   87 52 69  45  84 18 48   75 76  3.1   8  406  0.00  .16 .14   15  20  25
  28   90 53 70  46  81 16 47   75 76  2.5   8  383  0.00  .15 .13   16  21  26
  29   89 56 72  49  78 20 49   76 76  3.1  10  359  0.00  .15 .13   17  22  27
  30   86 57 70  47  79 20 48   76 76  6.0  20  367  0.00  .18 .18   16  21  26
  31   74 49 62  33  70 19 35   73 76  4.3  12  378  0.00  .15 .13    8  12  16
  --- --- -- --  -- --- -- ---  -- --  --  ---  ---  ----  --- ---  --- --- ----
  AVG  81 58 69  52  88 33 59   76 78  4.8  17  362
  TOT                                                1.53  4.5 4.3  453 602 756

  *****************************************************************************
  *                          ABBREVIATIONS AND UNITS                          *
  *                                                                           *
  *   AIR TEMP : AIR TEMPERATURE IN DEGREES F          MX : MAXIMUM FOR DAY   *
  *   DEW PT   : DEWPOINT IN DEGREES F                 MN : MINIMUM FOR DAY   *
  *   REL HUM  : RELATIVE HUMIDITY IN PERCENT          AV : AVERAGE FOR DAY   *
  *   SOL      : SOLAR RADIATION IN LANGLEYS          TOT : TOTAL FOR MONTH   *
  *   WIND : WIND SPEEDS IN MILES PER HOUR                                    *
  *   SOIL : SOIL TEMPERATURE AT 4 AND 20 INCHES, IN DEGREES F                *
  *   RAIN : RAINFALL IN INCHES                                               *
  *   ETo  : REFERENCE EVAPOTRANSPIRATION IN INCHES                           *
  *      AZ: AZMET ETo   STD: STANDARDIZED PENMAN-MONTEITH ETo                *
  *                                                                           *
  *     ## or 999 : MISSING DATA, ETo & HEAT UNIT TOTALS ARE PRORATED         *
  *            55 : TEMPERATURE LIMITS = 86/55  DEGREES F                     *
  *            50 : TEMPERATURE LIMITS = 86/50  DEGREES F                     *
  *            45 : TEMPERATURE LIMITS = 86/45  DEGREES F                     *
  *****************************************************************************


                 ARIZONA METEOROLOGICAL NETWORK MONTHLY SUMMARY

                                  Queen Creek
                                  November 2018 

       AIR TEMP DEW  REL HUM   SOIL T   WIND    SOL  RAIN  ETo ETo  HEAT UNITS
 Nov   MX MN AV  PT  MX MN AV    4 20  AV  MX              AZ  STD   55  50  45
 ---  --- -- -- ---  -- -- --  --- --  --  ---  ---  ----  --- ---  --- --- ---
   1   75 45 59  33  74 13 42   70 75  3.1  10  372  0.00  .14 .11    8  11  15
   2   80 43 62  35  76 16 41   70 74  3.1   9  383  0.00  .14 .12   10  13  17
   3   80 45 63  38  78 20 45   70 73  3.1  11  377  0.00  .14 .12   10  13  17
   4   80 50 64  37  69 16 40   70 73  2.7   8  345  0.00  .13 .11   11  15  20
   5   82 47 65  36  73 14 39   71 73  3.1  12  369  0.00  .15 .12   11  15  20
   6   84 46 65  37  71 15 40   71 73  3.1  12  362  0.00  .15 .12   12  16  20
   7   82 48 64  38  72 15 42   71 72  2.9  10  361  0.00  .14 .12   12  15  20
   8   79 47 64  38  76 15 42   70 72  3.8  12  353  0.00  .14 .12   10  14  18
   9   80 47 64  22  45 11 21   69 72  4.7  15  355  0.00  .17 .15   10  14  18
  10   79 50 65  38  67 22 40   70 72  4.3  15  350  0.00  .15 .13   11  15  20
  11   71 42 56  29  79 13 40   67 71  5.1  17  345  0.00  .14 .13    5   8  12
  12   65 38 53   9  50  8 18   62 71  6.3  22  361  0.00  .18 .15    3   5   8
  13   65 38 53  12  44 10 20   62 69  6.0  17  356  0.00  .16 .14    3   5   8
  14   70 44 57  13  41 12 18   62 68  5.8  17  254  0.00  .13 .15    5   8  12
  15   74 36 55  19  56  9 28   61 67  3.4  16  352  0.00  .15 .11    6   9  12
  16   78 37 56  20  49  9 27   62 67  2.9   9  349  0.00  .13 .11    8  11  14
  17   73 37 54  23  63 13 33   62 66  2.9   8  324  0.00  .11 .10    6   8  12
  18   72 40 54  26  65 15 37   61 66  2.7   7  317  0.00  .11 .09    5   8  12
  19   74 36 53  26  74 13 38   61 66  2.9   8  324  0.00  .11 .09    6   9  12
  20   77 42 59  24  55 13 29   62 65  2.9   8  267  0.00  .11 .10    8  11  15
  21   75 39 56  29  62 16 38   62 65  2.9  11  306  0.00  .11 .09    7  10  13
  22   66 46 55  36  66 33 48   61 65  2.5   9  136  0.00  .04 .07    4   7  11
  23   69 41 55  39  81 32 57   62 65  3.4  12  306  0.00  .10 .08    4   7  10
  24   70 40 55  37  82 30 54   61 65  3.1  10  306  0.00  .10 .08    5   7  11
  25   73 40 55  26  83 10 41   61 65  3.4  11  316  0.00  .12 .10    6   9  12
  26   75 37 55  24  62 13 33   60 64  3.1  14  302  0.00  .11 .10    6   9  13
  27   77 38 57  26  62 14 32   61 64  2.7  12  310  0.00  .11 .09    7  10  14
  28   77 38 56  28  66 15 38   61 64  2.9  13  302  0.00  .11 .10    7  10  14
  29   71 40 57  34  64 22 44   60 64  4.3  16  177  0.00  .07 .09    5   8  11
  30   61 47 53  47  97 54 82   59 64  5.6  21  153  0.22  .03 .06    2   5   9
  --- --- -- --  -- --- -- ---  -- --  --  ---  ---  ----  --- ---  --- --- ----
  AVG  75 42 58  29  67 17 38   64 68  3.6  12  316
  TOT                                                0.22  3.7 3.2  212 305 419

  *****************************************************************************
  *                          ABBREVIATIONS AND UNITS                          *
  *                                                                           *
  *   AIR TEMP : AIR TEMPERATURE IN DEGREES F          MX : MAXIMUM FOR DAY   *
  *   DEW PT   : DEWPOINT IN DEGREES F                 MN : MINIMUM FOR DAY   *
  *   REL HUM  : RELATIVE HUMIDITY IN PERCENT          AV : AVERAGE FOR DAY   *
  *   SOL      : SOLAR RADIATION IN LANGLEYS          TOT : TOTAL FOR MONTH   *
  *   WIND : WIND SPEEDS IN MILES PER HOUR                                    *
  *   SOIL : SOIL TEMPERATURE AT 4 AND 20 INCHES, IN DEGREES F                *
  *   RAIN : RAINFALL IN INCHES                                               *
  *   ETo  : REFERENCE EVAPOTRANSPIRATION IN INCHES                           *
  *      AZ: AZMET ETo   STD: STANDARDIZED PENMAN-MONTEITH ETo                *
  *                                                                           *
  *     ## or 999 : MISSING DATA, ETo & HEAT UNIT TOTALS ARE PRORATED         *
  *            55 : TEMPERATURE LIMITS = 86/55  DEGREES F                     *
  *            50 : TEMPERATURE LIMITS = 86/50  DEGREES F                     *
  *            45 : TEMPERATURE LIMITS = 86/45  DEGREES F                     *
  *****************************************************************************


                 ARIZONA METEOROLOGICAL NETWORK MONTHLY SUMMARY

                                  Queen Creek
                                  December 2018 

       AIR TEMP DEW  REL HUM   SOIL T   WIND    SOL  RAIN  ETo ETo  HEAT UNITS
 Dec   MX MN AV  PT  MX MN AV    4 20  AV  MX              AZ  STD   55  50  45
 ---  --- -- -- ---  -- -- --  --- --  --  ---  ---  ----  --- ---  --- --- ---
   1   64 41 53  46  98 49 78   58 63  2.9   9  218  0.00  .05 .05    2   5   8
   2   59 39 49  40  92 42 72   57 63  4.7  13  186  0.00  .04 .06    1   3   6
   3   62 32 47  34  96 26 66   55 62  2.9   9  301  0.00  .07 .06    1   3   6
   4   64 33 48  33  92 24 60   54 61  2.2   9  253  0.00  .07 .06    2   4   7
   5   74 39 55  35  89 20 52   56 60  3.6  16  276  0.00  .10 .09    6   9  13
   6   64 45 55  45  94 47 72   57 60  4.3  18   82  0.00  .02 .06    3   5   9
   7   65 47 55  51  98 54 85   59 61  3.4  11  196  0.02  .04 .05    3   7  11
   8   66 43 54  49 100 52 85   59 61  2.7  10  274  0.00  .06 .05    3   6  10
   9   69 40 54  42  99 28 69   58 61  2.9  10  303  0.00  .08 .07    4   7  10
  10   72 39 55  35  82 20 50   57 61  2.9  11  220  0.00  .08 .08    5   8  11
  11   67 44 56  39  82 30 53   58 61  2.5  11  124  0.00  .04 .06    4   7  11
  12   66 37 52  41  92 34 68   57 61  3.4  11  284  0.00  .08 .06    3   5   8
  13   67 34 50  27  87 10 48   56 60  3.1   9  301  0.00  .09 .07    3   5   8
  14   64 32 47  27  79 18 48   53 60  2.9  10  215  0.00  .06 .07    2   4   7
  15   69 41 52  27  74 12 40   55 59  2.2   7  187  0.00  .06 .07    4   7  11
  16   68 41 53  30  72 17 42   55 59  2.5  10  169  0.00  .05 .07    4   7  10
  17   71 43 56  38  80 29 53   58 59  2.9  14  246  0.00  .08 .07    5   8  12
  18   66 38 51  38  92 31 63   57 59  3.4  11  281  0.00  .08 .07    3   5   8
  19   67 33 50  35  89 28 60   56 59  2.7   8  289  0.00  .08 .06    3   6   8
  20   74 35 52  35  89 21 56   56 59  2.5   6  294  0.00  .09 .07    6   8  12
  21   69 38 51  37  87 24 61   56 59  1.8   8  189  0.00  .05 .06    4   7  10
  22   71 38 52  33  79 21 51   56 59  2.2   9  269  0.00  .08 .07    5   8  11
  23   74 35 53  33  83 17 51   56 59  2.7   7  285  0.00  .09 .07    6   9  12
  24   73 35 53  33  83 19 50   57 59  2.7   7  287  0.00  .09 .07    6   8  11
  25   66 37 50  37  92 26 63   56 59  5.4  21  194  0.22  .06 .08    3   5   8
  26   61 40 49  43  97 47 82   55 58  3.4   9  238  0.00  .04 .05    1   4   6
  27   60 33 46  35  96 29 69   53 58  5.1  16  282  0.00  .07 .07    1   3   5
  28   53 32 42  28  96 23 61   51 57  3.4  14  299  0.00  .07 .06    0   1   2
  29   55 28 41  22  90 21 53   48 57  3.6  16  300  0.00  .08 .06    0   1   3
  30   55 25 40  21  84 20 50   47 56  2.9  11  295  0.00  .07 .06    0   1   2
  31   52 28 40  33  98 37 77   46 55  4.9  19   98  0.44  .02 .04    0   0   2
  --- --- -- --  -- --- -- ---  -- --  --  ---  ---  ----  --- ---  --- --- ----
  AVG  65 37 50  35  89 28 61   55 59  3.2  11  240
  TOT                                                0.68  2.0 2.0   96 166 258

  *****************************************************************************
  *                          ABBREVIATIONS AND UNITS                          *
  *                                                                           *
  *   AIR TEMP : AIR TEMPERATURE IN DEGREES F          MX : MAXIMUM FOR DAY   *
  *   DEW PT   : DEWPOINT IN DEGREES F                 MN : MINIMUM FOR DAY   *
  *   REL HUM  : RELATIVE HUMIDITY IN PERCENT          AV : AVERAGE FOR DAY   *
  *   SOL      : SOLAR RADIATION IN LANGLEYS          TOT : TOTAL FOR MONTH   *
  *   WIND : WIND SPEEDS IN MILES PER HOUR                                    *
  *   SOIL : SOIL TEMPERATURE AT 4 AND 20 INCHES, IN DEGREES F                *
  *   RAIN : RAINFALL IN INCHES                                               *
  *   ETo  : REFERENCE EVAPOTRANSPIRATION IN INCHES                           *
  *      AZ: AZMET ETo   STD: STANDARDIZED PENMAN-MONTEITH ETo                *
  *                                                                           *
  *     ## or 999 : MISSING DATA, ETo & HEAT UNIT TOTALS ARE PRORATED         *
  *            55 : TEMPERATURE LIMITS = 86/55  DEGREES F                     *
  *            50 : TEMPERATURE LIMITS = 86/50  DEGREES F                     *
  *            45 : TEMPERATURE LIMITS = 86/45  DEGREES F                     *
  *****************************************************************************

