
                 ARIZONA METEOROLOGICAL NETWORK MONTHLY SUMMARY

                                  Queen Creek
                                  January 2019 

       AIR TEMP DEW  REL HUM   SOIL T   WIND    SOL  RAIN  ETo ETo  HEAT UNITS
 Jan   MX MN AV  PT  MX MN AV    4 20  AV  MX              AZ  STD   55  50  45
 ---  --- -- -- ---  -- -- --  --- --  --  ---  ---  ----  --- ---  --- --- ---
   1   49 32 41  34  97 46 79   48 54  4.0  11  237  0.00  .04 .04    0   0   1
   2   51 27 37  24  92 31 63   44 53  2.0   7  249  0.00  .05 .04    0   0   1
   3   55 25 38  28  96 31 71   44 52  2.2   7  307  0.00  .06 .05    0   1   3
   4   64 28 44  31  96 26 66   46 52  2.2   7  307  0.00  .07 .06    2   4   6
   5   69 32 50  37  93 24 64   49 52  2.5  20  223  0.01  .06 .06    4   6   9
   6   53 40 49  46  99 77 92   52 53  2.2   8   97  0.67  .00 .02    0   1   3
   7   61 33 47  40  99 44 81   50 53  2.0   8  315  0.00  .07 .05    1   3   5
   8   70 35 51  42  98 33 76   51 53  2.0   7  310  0.00  .07 .06    4   7  10
   9   70 42 54  44  96 29 72   53 53  2.2  12  189  0.00  .05 .06    5   8  11
  10   62 42 53  45  97 52 76   54 54  2.5  10  165  0.00  .03 .04    2   4   8
  11   65 37 51  44  99 47 80   53 54  2.5   8  302  0.00  .07 .06    3   5   8
  12   67 37 52  40  98 29 68   53 54  4.3  16  287  0.03  .09 .08    3   6   9
  13   64 45 52  47  99 49 84   55 55  1.3   7  264  0.03  .05 .05    3   5   9
  14   71 47 56  47  96 37 74   57 55  2.9  13  281  0.00  .08 .07    6   9  14
  15   65 47 56  46  96 40 72   57 56  3.8  13  169  0.00  .04 .06    4   7  11
  16   68 44 55  47  98 42 78   58 56  2.0   7  312  0.00  .08 .06    5   7  11
  17   68 38 53  45  98 39 76   56 57  2.5  11  293  0.00  .07 .06    4   7  10
  18   67 46 56  47  93 46 75   58 57  4.0  13  296  0.00  .08 .07    4   7  11
  19   71 38 54  33  89 14 49   56 57  2.5  10  332  0.00  .11 .08    5   8  11
  20   72 38 53  33  77 16 51   55 57  2.9   8  305  0.00  .09 .09    5   8  11
  21   64 42 52  33  81 20 51   56 57  6.7  23  291  0.00  .12 .11    3   5   9
  22   60 30 46  28  88 21 52   53 57  3.6  16  336  0.00  .10 .08    1   3   5
  23   60 28 44  24  86 15 50   51 56  2.7  11  344  0.00  .10 .07    1   2   5
  24   66 28 46  27  86 21 51   51 55  3.8  14  350  0.00  .11 .09    3   4   7
  25   66 29 48  26  82 17 47   52 55  3.8  14  352  0.00  .12 .09    3   5   7
  26   70 31 50  25  80 12 43   53 55  3.4  12  356  0.00  .12 .10    4   6   9
  27   72 33 51  28  75 14 45   54 55  3.4  11  324  0.00  .11 .10    5   7  10
  28   70 32 51  32  83 19 52   55 55  2.7   7  336  0.00  .10 .08    4   7   9
  29   73 40 55  36  85 19 53   57 55  2.2   7  286  0.00  .09 .08    6   9  12
  30   75 46 58  38  78 19 51   59 56  2.0   7  258  0.00  .08 .08    8  11  16
  31   74 41 57  39  81 23 53   60 57  2.9  10  307  0.00  .10 .09    7  10  13
  --- --- -- --  -- --- -- ---  -- --  --  ---  ---  ----  --- ---  --- --- ----
  AVG  66 37 50  37  91 31 64   53 55  2.9  11  283
  TOT                                                0.74  2.4 2.1  102 172 264

  *****************************************************************************
  *                          ABBREVIATIONS AND UNITS                          *
  *                                                                           *
  *   AIR TEMP : AIR TEMPERATURE IN DEGREES F          MX : MAXIMUM FOR DAY   *
  *   DEW PT   : DEWPOINT IN DEGREES F                 MN : MINIMUM FOR DAY   *
  *   REL HUM  : RELATIVE HUMIDITY IN PERCENT          AV : AVERAGE FOR DAY   *
  *   SOL      : SOLAR RADIATION IN LANGLEYS          TOT : TOTAL FOR MONTH   *
  *   WIND : WIND SPEEDS IN MILES PER HOUR                                    *
  *   SOIL : SOIL TEMPERATURE AT 4 AND 20 INCHES, IN DEGREES F                *
  *   RAIN : RAINFALL IN INCHES                                               *
  *   ETo  : REFERENCE EVAPOTRANSPIRATION IN INCHES                           *
  *      AZ: AZMET ETo   STD: STANDARDIZED PENMAN-MONTEITH ETo                *
  *                                                                           *
  *     ## or 999 : MISSING DATA, ETo & HEAT UNIT TOTALS ARE PRORATED         *
  *            55 : TEMPERATURE LIMITS = 86/55  DEGREES F                     *
  *            50 : TEMPERATURE LIMITS = 86/50  DEGREES F                     *
  *            45 : TEMPERATURE LIMITS = 86/45  DEGREES F                     *
  *****************************************************************************


                 ARIZONA METEOROLOGICAL NETWORK MONTHLY SUMMARY

                                  Queen Creek
                                  February 2019 

       AIR TEMP DEW  REL HUM   SOIL T   WIND    SOL  RAIN  ETo ETo  HEAT UNITS
 Feb   MX MN AV  PT  MX MN AV    4 20  AV  MX              AZ  STD   55  50  45
 ---  --- -- -- ---  -- -- --  --- --  --  ---  ---  ----  --- ---  --- --- ---
   1   73 47 59  43  82 31 56   61 58  4.0  16  337  0.00  .12 .11    7  11  15
   2   70 46 59  47  84 41 64   61 58  4.5  13  245  0.00  .08 .09    6   9  13
   3   62 48 56  53  99 61 90   60 59  4.3  13  140  0.53  .02 .04    2   5  10
   4   63 49 56  50  99 51 81   58 59  6.7  24  201  0.04  .06 .06    3   6  11
   5   64 44 53  45  93 50 76   56 58  7.4  22  277  0.00  .08 .08    3   5   9
   6   54 37 46  33  88 34 61   54 58  6.7  20  343  0.00  .10 .08    0   1   3
   7   56 28 42  25  90 20 56   50 57  2.9  11  399  0.00  .10 .07    0   1   3
   8   69 29 46  30  92 17 59   51 55  2.5   9  400  0.00  .11 .09    4   6   8
   9   59 33 46  34  88 30 66   51 55  3.6  17  179  0.00  .04 .06    1   2   4
  10   68 29 45  30  94 16 62   51 54  2.7  11  401  0.00  .11 .09    3   5   8
  11   59 33 46  27  83 18 52   52 54  3.4  14  410  0.00  .11 .09    1   2   5
  12   69 28 47  27  89 14 53   52 54  2.7   9  411  0.00  .12 .10    4   6   8
  13   70 38 53  33  84 17 51   54 54  2.2   8  250  0.00  .07 .08    5   7  10
  14   60 51 56  48  97 41 77   56 55  4.0  12   87  0.26  .01 .04    2   5  10
  15   65 52 58  53  98 59 83   59 56  3.1  12  235  0.00  .05 .06    4   9  14
  16   59 37 51  38  87 38 63   56 56  4.9  17  333  0.00  .09 .08    1   3   5
  17   57 33 45  31  87 29 63   52 56  5.8  19  376  0.00  .11 .09    0   2   4
  18   53 37 45  37  95 39 75   51 55  4.5  13  263  0.07  .06 .06    0   1   2
  19   52 29 40  29  97 30 68   49 55  4.0  20  368  0.00  .09 .07    0   0   2
  20   55 24 42  23  92 18 53   49 54  4.5  13  443  0.00  .12 .09    0   1   3
  21   48 37 43  37  97 37 81   49 53  6.3  21   68  1.19  .00 .04    0   0   1
  22   46 35 40  38  97 73 92   47 53  5.1  15  209  0.63  .03 .04    0   0   0
  23   54 30 41  34  98 34 77   48 51  2.5   9  467  0.00  .10 .07    0   1   2
  24   63 29 44  35  96 33 73   49 51  2.5   9  434  0.00  .11 .09    2   4   6
  25   67 33 49  39  97 31 72   52 51  2.5   7  426  0.00  .11 .09    3   5   8
  26   71 36 53  40  97 22 65   54 52  2.2   7  420  0.00  .12 .10    5   8  11
  27   74 45 58  44  93 26 64   59 54  2.5   8  373  0.00  .11 .10    7  11  15
  28   77 38 57  41  95 21 62   59 55  2.7   9  467  0.00  .15 .12    8  10  14
  --- --- -- --  -- --- -- ---  -- --  --  ---  ---  ----  --- ---  --- --- ----
  AVG  62 37 49  37  92 33 68   54 55  3.9  14  320
  TOT                                                2.72  2.4 2.2   68 124 204

  *****************************************************************************
  *                          ABBREVIATIONS AND UNITS                          *
  *                                                                           *
  *   AIR TEMP : AIR TEMPERATURE IN DEGREES F          MX : MAXIMUM FOR DAY   *
  *   DEW PT   : DEWPOINT IN DEGREES F                 MN : MINIMUM FOR DAY   *
  *   REL HUM  : RELATIVE HUMIDITY IN PERCENT          AV : AVERAGE FOR DAY   *
  *   SOL      : SOLAR RADIATION IN LANGLEYS          TOT : TOTAL FOR MONTH   *
  *   WIND : WIND SPEEDS IN MILES PER HOUR                                    *
  *   SOIL : SOIL TEMPERATURE AT 4 AND 20 INCHES, IN DEGREES F                *
  *   RAIN : RAINFALL IN INCHES                                               *
  *   ETo  : REFERENCE EVAPOTRANSPIRATION IN INCHES                           *
  *      AZ: AZMET ETo   STD: STANDARDIZED PENMAN-MONTEITH ETo                *
  *                                                                           *
  *     ## or 999 : MISSING DATA, ETo & HEAT UNIT TOTALS ARE PRORATED         *
  *            55 : TEMPERATURE LIMITS = 86/55  DEGREES F                     *
  *            50 : TEMPERATURE LIMITS = 86/50  DEGREES F                     *
  *            45 : TEMPERATURE LIMITS = 86/45  DEGREES F                     *
  *****************************************************************************


                 ARIZONA METEOROLOGICAL NETWORK MONTHLY SUMMARY

                                  Queen Creek
                                   March 2019 

       AIR TEMP DEW  REL HUM   SOIL T   WIND    SOL  RAIN  ETo ETo  HEAT UNITS
 Mar   MX MN AV  PT  MX MN AV    4 20  AV  MX              AZ  STD   55  50  45
 ---  --- -- -- ---  -- -- --  --- --  --  ---  ---  ----  --- ---  --- --- ---
   1   77 44 60  46  94 27 63   62 56  2.7   8  434  0.00  .14 .12    8  12  16
   2   74 48 59  48  90 31 69   62 58  3.6  15  298  0.00  .09 .11    8  11  16
   3   71 45 59  46  91 35 66   63 58  4.0  13  476  0.00  .15 .12    6   9  13
   4   74 44 58  43  91 24 62   64 59  3.1  11  468  0.00  .15 .13    7  10  14
   5   80 40 59  38  89 14 54   64 60  2.2  10  500  0.00  .17 .13    9  12  16
   6   84 44 64  39  87 12 46   65 60  4.3  17  454  0.00  .18 .17   12  15  19
   7   74 47 61  39  80 21 48   65 61  3.1  10  318  0.00  .11 .12    8  11  16
   8   64 46 57  36  69 25 47   63 61  8.1  25  297  0.00  .14 .13    3   6  10
   9   65 33 51  31  87 19 50   61 61  2.7   9  445  0.00  .13 .11    2   5   7
  10   72 35 53  33  85 18 51   61 60  3.1  16  513  0.00  .17 .13    5   8  11
  11   67 42 55  42  92 38 63   61 60  4.7  22  268  0.02  .09 .10    4   6  10
  12   59 47 52  48  98 55 88   59 60  4.5  23  235  0.58  .05 .06    1   4   8
  13   63 41 53  37  93 21 60   57 59 11.6  32  449  0.02  .18 .15    2   4   8
  14   62 31 47  30  93 21 56   56 58  2.5  17  540  0.00  .15 .11    1   3   6
  15   72 37 57  31  85 18 43   58 58  5.8  20  466  0.00  .20 .16    5   8  11
  16   75 49 64  35  65 21 35   63 58  7.6  19  526  0.00  .24 .21    8  12  17
  17   79 49 65  40  76 21 42   65 59  4.3  17  531  0.00  .20 .18   10  14  19
  18   82 47 64  40  82 12 46   67 61  2.7  14  544  0.00  .20 .16   11  15  20
  19   83 49 67  40  75 15 42   69 62  3.1  15  510  0.00  .20 .17   12  16  21
  20   82 50 66  40  78 14 43   70 63  4.9  16  479  0.00  .20 .19   12  16  21
  21   66 48 57  39  76 25 52   67 64  3.1  11  366  0.00  .11 .11    4   7  12
  22   70 43 56  37  80 23 51   66 64  3.1  11  559  0.00  .18 .14    5   8  11
  23   75 41 58  38  85 20 52   67 64  2.9  11  529  0.00  .18 .15    7  10  13
  24   79 42 61  37  84 15 48   68 64  3.4  10  557  0.00  .20 .17    9  12  16
  25   85 40 63  36  75 12 42   69 64  2.5   8  575  0.00  .21 .17   11  14  18
  26   85 46 66  41  75 14 45   71 65  2.7  11  473  0.00  .18 .16   13  16  21
  27   81 50 67  44  77 19 46   71 66  2.9   8  383  0.00  .14 .14   12  16  21
  28   83 45 66  38  79 12 40   72 66  4.0  13  581  0.00  .23 .19   11  15  19
  29   79 43 62  33  78 13 36   72 67  3.6  14  587  0.00  .22 .18    9  12  16
  30   80 41 61  31  74  9 36   71 67  3.1  13  588  0.00  .22 .18    9  12  16
  31   79 41 62  31  68 13 35   71 67  4.5  16  588  0.00  .24 .20    8  12  15
  --- --- -- --  -- --- -- ---  -- --  --  ---  ---  ----  --- ---  --- --- ----
  AVG  75 43 60  38  82 21 50   65 62  4.0  15  469
  TOT                                                0.62  5.3 4.6  233 333 457

  *****************************************************************************
  *                          ABBREVIATIONS AND UNITS                          *
  *                                                                           *
  *   AIR TEMP : AIR TEMPERATURE IN DEGREES F          MX : MAXIMUM FOR DAY   *
  *   DEW PT   : DEWPOINT IN DEGREES F                 MN : MINIMUM FOR DAY   *
  *   REL HUM  : RELATIVE HUMIDITY IN PERCENT          AV : AVERAGE FOR DAY   *
  *   SOL      : SOLAR RADIATION IN LANGLEYS          TOT : TOTAL FOR MONTH   *
  *   WIND : WIND SPEEDS IN MILES PER HOUR                                    *
  *   SOIL : SOIL TEMPERATURE AT 4 AND 20 INCHES, IN DEGREES F                *
  *   RAIN : RAINFALL IN INCHES                                               *
  *   ETo  : REFERENCE EVAPOTRANSPIRATION IN INCHES                           *
  *      AZ: AZMET ETo   STD: STANDARDIZED PENMAN-MONTEITH ETo                *
  *                                                                           *
  *     ## or 999 : MISSING DATA, ETo & HEAT UNIT TOTALS ARE PRORATED         *
  *            55 : TEMPERATURE LIMITS = 86/55  DEGREES F                     *
  *            50 : TEMPERATURE LIMITS = 86/50  DEGREES F                     *
  *            45 : TEMPERATURE LIMITS = 86/45  DEGREES F                     *
  *****************************************************************************


                 ARIZONA METEOROLOGICAL NETWORK MONTHLY SUMMARY

                                  Queen Creek
                                   April 2019 

       AIR TEMP DEW  REL HUM   SOIL T   WIND    SOL  RAIN  ETo ETo  HEAT UNITS
 Apr   MX MN AV  PT  MX MN AV    4 20  AV  MX              AZ  STD   55  50  45
 ---  --- -- -- ---  -- -- --  --- --  --  ---  ---  ----  --- ---  --- --- ---
   1   82 51 69  23  52  8 19   72 67  5.6  17  559  0.00  .26 .23   12  17  22
   2   84 43 66  31  73 10 32   72 68  6.0  22  562  0.00  .26 .24   11  15  18
   3   77 48 63  36  66 18 39   73 68  3.8  14  583  0.00  .22 .18    9  13  18
   4   83 44 63  37  75 14 41   72 68  4.5  16  502  0.00  .20 .20   11  15  19
   5   79 47 64  38  78 14 41   73 68  3.4  15  597  0.00  .23 .18   10  14  18
   6   78 57 66  46  76 25 50   76 69  2.7  11  581  0.00  .20 .18   13  18  23
   7   84 47 67  43  80 16 45   76 69  3.6  11  602  0.00  .23 .20   12  16  21
   8   90 47 71  42  72 13 38   77 70  2.9   9  616  0.00  .25 .20   14  18  23
   9   92 49 72  39  69 11 34   78 71  5.8  20  581  0.00  .28 .27   16  20  25
  10   74 52 63  26  48 12 26   76 72 11.2  26  628  0.00  .32 .28    8  13  18
  11   73 43 59  31  65 14 37   72 71  4.0  17  585  0.00  .22 .18    6   9  13
  12   73 49 63  34  72 19 34   73 70  3.8  20  462  0.00  .18 .16    7  11  16
  13   78 44 62  37  77 16 43   73 70  3.1   9  633  0.00  .22 .19    9  12  16
  14   85 43 66  34  79 12 36   75 70  3.4   9  616  0.00  .24 .20   12  15  19
  15   87 46 68  37  74 13 36   76 71  4.7  20  581  0.00  .25 .23   13  17  21
  16   78 49 63  42  78 24 49   75 71  6.9  25  513  0.00  .22 .20    9  13  18
  17   74 51 62  50  97 34 67   74 71  2.9  18  573  0.22  .18 .16    8  13  18
  18   88 47 68  48  94 17 55   76 71  2.7   8  655  0.00  .24 .20   14  17  22
  19   99 49 74  42  86  5 39   78 71  2.7  14  671  0.00  .27 .24   17  22  26
  20   89 58 74  37  59 10 28   80 72  6.7  17  649  0.00  .32 .29   18  23  28
  21   87 55 71  39  67 13 34   80 73  4.9  15  663  0.00  .28 .25   16  21  26
  22   84 47 68  37  76 12 35   79 74  3.6  14  652  0.00  .26 .22   12  16  21
  23   85 52 69  41  69 13 39   78 74  4.9  28  442  0.00  .19 .20   14  18  23
  24   88 49 71  44  83 15 42   79 74  3.1  13  654  0.00  .26 .22   15  19  24
  25   96 52 76  39  70 10 33   82 74  3.6  12  660  0.00  .29 .26   17  22  27
  26   98 55 80  38  65  9 26   84 75  4.7  18  660  0.00  .31 .29   19  24  29
  27   96 56 79  31  55  7 21   84 76  4.9  17  677  0.00  .33 .29   19  24  29
  28   95 54 78  30  55  8 19   84 77  4.9  16  671  0.00  .33 .29   18  23  28
  29   86 64 75  35  53 13 25   81 77  8.1  29  292  0.00  .19 .26   20  25  30
  30   83 55 69  46  79 19 47   81 76  4.5  14  672  0.00  .26 .23   14  19  24
  --- --- -- --  -- --- -- ---  -- --  --  ---  ---  ----  --- ---  --- --- ----
  AVG  85 50 69  38  71 14 37   77 72  4.6  17  593
  TOT                                                0.22  7.5 6.7  394 519 661

  *****************************************************************************
  *                          ABBREVIATIONS AND UNITS                          *
  *                                                                           *
  *   AIR TEMP : AIR TEMPERATURE IN DEGREES F          MX : MAXIMUM FOR DAY   *
  *   DEW PT   : DEWPOINT IN DEGREES F                 MN : MINIMUM FOR DAY   *
  *   REL HUM  : RELATIVE HUMIDITY IN PERCENT          AV : AVERAGE FOR DAY   *
  *   SOL      : SOLAR RADIATION IN LANGLEYS          TOT : TOTAL FOR MONTH   *
  *   WIND : WIND SPEEDS IN MILES PER HOUR                                    *
  *   SOIL : SOIL TEMPERATURE AT 4 AND 20 INCHES, IN DEGREES F                *
  *   RAIN : RAINFALL IN INCHES                                               *
  *   ETo  : REFERENCE EVAPOTRANSPIRATION IN INCHES                           *
  *      AZ: AZMET ETo   STD: STANDARDIZED PENMAN-MONTEITH ETo                *
  *                                                                           *
  *     ## or 999 : MISSING DATA, ETo & HEAT UNIT TOTALS ARE PRORATED         *
  *            55 : TEMPERATURE LIMITS = 86/55  DEGREES F                     *
  *            50 : TEMPERATURE LIMITS = 86/50  DEGREES F                     *
  *            45 : TEMPERATURE LIMITS = 86/45  DEGREES F                     *
  *****************************************************************************


                 ARIZONA METEOROLOGICAL NETWORK MONTHLY SUMMARY

                                  Queen Creek
                                    May 2019 

       AIR TEMP DEW  REL HUM   SOIL T   WIND    SOL  RAIN  ETo ETo  HEAT UNITS
 May   MX MN AV  PT  MX MN AV    4 20  AV  MX              AZ  STD   55  50  45
 ---  --- -- -- ---  -- -- --  --- --  --  ---  ---  ----  --- ---  --- --- ---
   1   86 55 71  40  70 13 37   82 76  4.3  17  669  0.00  .28 .24   16  21  26
   2   87 53 72  35  65 12 30   81 77  4.0  14  528  0.00  .23 .22   15  20  25
   3   91 53 73  32  57  8 25   82 76  4.3  15  684  0.00  .30 .26   16  21  26
   4   94 51 75  32  60  8 24   83 77  3.8  15  676  0.00  .30 .26   17  21  26
   5   93 53 76  32  57  8 23   83 77  4.3  16  622  0.00  .28 .26   17  22  27
   6   85 59 72  28  39 12 20   81 77  6.7  21  513  0.00  .27 .28   17  22  27
   7   78 51 65  40  65 25 41   79 77  5.6  19  595  0.00  .24 .22   10  14  19
   8   84 52 68  42  69 19 41   80 76  5.4  30  577  0.00  .24 .23   14  18  23
   9   87 53 73  40  79 12 37   81 76  4.7  16  568  0.00  .25 .23   15  20  25
  10   85 61 73  42  69 12 37   82 76  5.1  19  633  0.00  .28 .25   18  23  28
  11   85 55 71  45  73 21 43   83 77  4.9  22  661  0.00  .27 .24   15  20  25
  12   82 57 68  51  80 23 57   81 77  4.9  29  466  0.02  .18 .19   15  20  25
  13   89 55 73  48  89 21 47   81 77  3.8  15  688  0.00  .27 .24   17  21  26
  14   95 57 79  45  74 13 34   85 77  3.8  12  689  0.00  .30 .27   19  24  29
  15   97 59 81  42  65 11 28   87 78  5.1  19  660  0.00  .32 .30   20  25  30
  16   91 60 76  37  56  9 27   85 79 10.1  31  647  0.00  .38 .36   20  25  30
  17   79 56 67  34  52 13 31   84 79  6.7  21  702  0.00  .30 .27   13  18  23
  18   83 49 69  29  56  9 26   82 79  3.8  16  708  0.00  .30 .24   12  16  21
  19   82 57 69  38  74 12 35   80 78  6.9  24  414  0.00  .22 .24   14  19  24
  20   72 55 63  37  81 20 40   78 78  8.9  25  558  0.02  .25 .24    8  13  18
  21   81 44 65  36  77 15 37   77 76  8.7  29  707  0.00  .33 .28   10  14  17
  22   73 53 64  38  64 25 40   77 76  6.5  20  418  0.00  .17 .19    8  13  18
  23   76 52 64  40  91 19 44   78 75  6.0  17  678  0.01  .26 .23    9  14  19
  24   86 47 69  33  72  9 31   80 75  3.1  15  736  0.00  .30 .24   13  17  22
  25   91 48 73  28  57  7 22   82 76  4.3  19  735  0.00  .33 .28   15  19  24
  26   82 50 72  34  62 15 27   82 77  7.6  27  720  0.00  .35 .29   12  16  21
  27   77 57 67  37  59 15 34   82 77  6.3  20  696  0.00  .29 .26   12  17  22
  28   82 45 67  32  59 12 29   80 77  3.1  15  669  0.00  .26 .22   11  14  18
  29   88 49 72  33  60 12 26   82 77  3.4  13  726  0.00  .30 .25   14  18  23
  30   94 56 77  36  59  9 25   85 78  3.6  18  726  0.00  .31 .27   18  23  28
  31   98 58 80  35  52  8 23   87 79  4.5  15  730  0.00  .34 .31   20  25  30
  --- --- -- --  -- --- -- ---  -- --  --  ---  ---  ----  --- ---  --- --- ----
  AVG  86 54 71  37  66 14 33   82 77  5.3  19  639
  TOT                                                0.05  8.7 7.9  451 593 746

  *****************************************************************************
  *                          ABBREVIATIONS AND UNITS                          *
  *                                                                           *
  *   AIR TEMP : AIR TEMPERATURE IN DEGREES F          MX : MAXIMUM FOR DAY   *
  *   DEW PT   : DEWPOINT IN DEGREES F                 MN : MINIMUM FOR DAY   *
  *   REL HUM  : RELATIVE HUMIDITY IN PERCENT          AV : AVERAGE FOR DAY   *
  *   SOL      : SOLAR RADIATION IN LANGLEYS          TOT : TOTAL FOR MONTH   *
  *   WIND : WIND SPEEDS IN MILES PER HOUR                                    *
  *   SOIL : SOIL TEMPERATURE AT 4 AND 20 INCHES, IN DEGREES F                *
  *   RAIN : RAINFALL IN INCHES                                               *
  *   ETo  : REFERENCE EVAPOTRANSPIRATION IN INCHES                           *
  *      AZ: AZMET ETo   STD: STANDARDIZED PENMAN-MONTEITH ETo                *
  *                                                                           *
  *     ## or 999 : MISSING DATA, ETo & HEAT UNIT TOTALS ARE PRORATED         *
  *            55 : TEMPERATURE LIMITS = 86/55  DEGREES F                     *
  *            50 : TEMPERATURE LIMITS = 86/50  DEGREES F                     *
  *            45 : TEMPERATURE LIMITS = 86/45  DEGREES F                     *
  *****************************************************************************


                 ARIZONA METEOROLOGICAL NETWORK MONTHLY SUMMARY

                                  Queen Creek
                                   June 2019 

       AIR TEMP DEW  REL HUM   SOIL T   WIND    SOL  RAIN  ETo ETo  HEAT UNITS
 Jun   MX MN AV  PT  MX MN AV    4 20  AV  MX              AZ  STD   55  50  45
 ---  --- -- -- ---  -- -- --  --- --  --  ---  ---  ----  --- ---  --- --- ---
   1   97 57 80  38  51 11 25   88 80  4.5  18  719  0.00  .33 .30   19  24  29
   2   96 63 80  46  64 13 32   89 80  3.8  18  699  0.00  .31 .28   22  27  32
   3   96 61 80  46  66 13 33   89 81  4.0  17  718  0.00  .32 .29   21  26  31
   4   96 60 79  42  57 12 30   90 82  3.6  13  701  0.00  .31 .27   21  26  31
   5   97 59 81  43  62 12 29   90 82  4.3  16  718  0.00  .33 .30   20  25  30
   6   98 64 83  44  50 12 28   91 83  4.5  13  712  0.00  .33 .31   23  28  33
   7   98 65 83  46  52 14 28   92 83  5.1  18  678  0.00  .33 .31   23  28  33
   8   98 60 80  40  55  8 27   92 84  3.6  12  751  0.00  .33 .29   21  26  31
   9  105 58 84  39  56  7 24   92 84  2.5  12  722  0.00  .31 .26   21  26  31
  10  105 64 88  47  61 12 25   94 85  5.8  23  703  0.00  .37 .36   24  29  34
  11  103 74 89  49  46 11 26   96 85  6.0  18  695  0.00  .36 .35   28  32  37
  12  106 63 87  44  61  6 26   95 86  3.4  10  696  0.00  .33 .29   23  28  33
  13  107 64 87  44  53  8 24   94 87  3.1  14  535  0.00  .25 .26   24  29  34
  14  100 60 83  38  44  7 21   93 86  5.4  17  741  0.00  .37 .34   21  26  31
  15  102 62 84  40  54  8 23   94 86  2.9   9  733  0.00  .33 .28   23  28  33
  16  103 63 85  42  64  9 26   95 87  2.9  10  701  0.00  .31 .28   23  28  33
  17  101 66 84  44  64  6 28   95 87  3.8  19  709  0.00  .33 .30   24  29  34
  18  100 64 83  42  62  7 27   95 87  3.6  14  736  0.00  .33 .29   23  28  33
  19  101 59 82  36  53  6 21   94 87  3.4  20  745  0.00  .34 .30   21  26  31
  20  100 59 83  36  50  6 21   94 87  5.6  17  747  0.00  .38 .35   21  26  31
  21   99 66 84  35  32 10 19   94 87  7.2  21  733  0.00  .40 .37   24  29  34
  22   95 66 82  43  50 12 27   94 87  5.1  18  729  0.00  .35 .31   23  28  33
  23   98 62 81  40  47  9 24   94 87  4.7  15  734  0.00  .34 .31   22  27  32
  24  102 56 82  35  57  6 21   94 87  3.6  12  739  0.00  .34 .30   20  25  30
  25  102 58 84  36  48  7 20   94 87  4.0  18  692  0.00  .33 .30   21  26  31
  26  101 66 85  41  54 13 22   95 88  3.6  16  694  0.00  .32 .29   24  29  34
  27  103 64 86  39  51  7 21   96 88  3.4  20  725  0.00  .34 .30   23  28  33
  28  108 65 90  39  46  8 18   97 88  4.5  18  703  0.00  .37 .33   24  29  34
  29  107 72 90  47  52  9 24   98 89  4.7  14  620  0.00  .33 .32   27  32  37
  30  104 76 92  50  58 11 26   99 89  4.5  15  695  0.00  .35 .32   29  33  38
  --- --- -- --  -- --- -- ---  -- --  --  ---  ---  ----  --- ---  --- --- ----
  AVG 101 63 84  42  54  9 25   93 86  4.2  16  707
  TOT                                                0.00 10.1 9.2  685 834 984

  *****************************************************************************
  *                          ABBREVIATIONS AND UNITS                          *
  *                                                                           *
  *   AIR TEMP : AIR TEMPERATURE IN DEGREES F          MX : MAXIMUM FOR DAY   *
  *   DEW PT   : DEWPOINT IN DEGREES F                 MN : MINIMUM FOR DAY   *
  *   REL HUM  : RELATIVE HUMIDITY IN PERCENT          AV : AVERAGE FOR DAY   *
  *   SOL      : SOLAR RADIATION IN LANGLEYS          TOT : TOTAL FOR MONTH   *
  *   WIND : WIND SPEEDS IN MILES PER HOUR                                    *
  *   SOIL : SOIL TEMPERATURE AT 4 AND 20 INCHES, IN DEGREES F                *
  *   RAIN : RAINFALL IN INCHES                                               *
  *   ETo  : REFERENCE EVAPOTRANSPIRATION IN INCHES                           *
  *      AZ: AZMET ETo   STD: STANDARDIZED PENMAN-MONTEITH ETo                *
  *                                                                           *
  *     ## or 999 : MISSING DATA, ETo & HEAT UNIT TOTALS ARE PRORATED         *
  *            55 : TEMPERATURE LIMITS = 86/55  DEGREES F                     *
  *            50 : TEMPERATURE LIMITS = 86/50  DEGREES F                     *
  *            45 : TEMPERATURE LIMITS = 86/45  DEGREES F                     *
  *****************************************************************************


                 ARIZONA METEOROLOGICAL NETWORK MONTHLY SUMMARY

                                  Queen Creek
                                   July 2019 

       AIR TEMP DEW  REL HUM   SOIL T   WIND    SOL  RAIN  ETo ETo  HEAT UNITS
 Jul   MX MN AV  PT  MX MN AV    4 20  AV  MX              AZ  STD   55  50  45
 ---  --- -- -- ---  -- -- --  --- --  --  ---  ---  ----  --- ---  --- --- ---
   1  106 69 90  49  57 12 27   99 90  4.7  19  715  0.00  .37 .33   26  31  36
   2  104 70 89  48  54 12 27   99 90  5.8  20  710  0.00  .37 .36   26  31  36
   3  102 65 86  47  61 11 29   97 90  7.2  23  717  0.00  .39 .37   24  29  34
   4  103 63 85  39  54  8 22   96 90  5.6  19  734  0.00  .37 .35   23  28  33
   5  103 66 88  39  50  7 20   98 90  3.6  12  730  0.00  .35 .30   24  29  34
   6  104 70 88  54  66 12 35  100 90  4.0  13  711  0.00  .33 .31   26  31  36
   7  103 67 88  50  58  9 30  100 91  5.6  21  667  0.00  .35 .33   25  30  35
   8  100 63 82  36  54  5 21   96 91  4.9  20  714  0.00  .35 .32   23  28  33
   9  102 65 85  35  39  6 17   96 91  3.6  12  714  0.00  .34 .29   24  29  34
  10  101 69 87  47  45 12 26   97 91  4.3  11  639  0.00  .31 .29   25  30  35
  11  104 73 89  50  56 11 28   98 91  5.1  22  572  0.00  .31 .31   27  32  37
  12  110 80 93  53  51 11 28  100 91  3.4  12  528  0.00  .27 .27   30  35  40
  13  104 79 92  56  59 15 31  101 91  5.4  20  662  0.00  .34 .33   29  34  39
  14  103 79 92  61  60 20 37  102 92  4.9  20  676  0.00  .33 .32   29  34  39
  15  107 75 92  62  67 15 38  103 92  3.4  10  680  0.00  .32 .30   28  33  38
  16  109 75 92  56  63 10 33  103 93  4.9  17  662  0.00  .34 .33   28  33  38
  17  103 74 89  61  62 23 40  101 93  4.3  17  571  0.00  .27 .28   27  33  38
  18  101 75 89  55  66 13 34  101 93  2.7  15  640  0.00  .29 .26   28  33  38
  19  103 73 89  54  66 14 33  101 93  3.8  14  664  0.00  .32 .29   27  32  37
  20  104 67 88  50  58 12 28  101 93  3.6  13  689  0.00  .33 .29   25  30  35
  21  102 75 90  58  57 19 36  101 93  4.0  14  672  0.00  .32 .30   28  33  38
  22   98 74 87  66  86 29 51  101 94  5.4  34  438  0.11  .20 .24   27  32  37
  23  105 74 89  64  90 19 49   98 93  4.7  18  652  0.00  .31 .30   28  33  38
  24  100 77 88  66  89 27 51  100 93  5.1  15  611  0.01  .28 .28   28  33  38
  25  105 76 91  64  79 21 45  101 93  5.1  17  652  0.00  .31 .31   28  33  38
  26  107 80 94  62  65 17 38  103 93  5.4  17  662  0.00  .34 .33   30  35  40
  27  110 77 96  56  65 12 31  103 94  5.1  20  673  0.00  .36 .35   29  34  39
  28  106 79 94  56  50 17 28  103 94  5.1  15  620  0.00  .33 .32   30  34  39
  29  107 78 93  57  58 16 32  103 94  6.0  30  594  0.00  .33 .34   29  34  39
  30  105 74 89  62  94 19 45  103 95  4.9  22  573  0.19  .28 .30   28  33  38
  31   94 74 81  71  95 39 75   95 94  2.0  11  386  0.13  .14 .16   27  32  37
  --- --- -- --  -- --- -- ---  -- --  --  ---  ---  ----  --- ---  --- --- ----
  AVG 104 73 89  54  64 15 34  100 92  4.6  18  643
  TOT                                                0.44  9.9 9.5  837 991 1146

  *****************************************************************************
  *                          ABBREVIATIONS AND UNITS                          *
  *                                                                           *
  *   AIR TEMP : AIR TEMPERATURE IN DEGREES F          MX : MAXIMUM FOR DAY   *
  *   DEW PT   : DEWPOINT IN DEGREES F                 MN : MINIMUM FOR DAY   *
  *   REL HUM  : RELATIVE HUMIDITY IN PERCENT          AV : AVERAGE FOR DAY   *
  *   SOL      : SOLAR RADIATION IN LANGLEYS          TOT : TOTAL FOR MONTH   *
  *   WIND : WIND SPEEDS IN MILES PER HOUR                                    *
  *   SOIL : SOIL TEMPERATURE AT 4 AND 20 INCHES, IN DEGREES F                *
  *   RAIN : RAINFALL IN INCHES                                               *
  *   ETo  : REFERENCE EVAPOTRANSPIRATION IN INCHES                           *
  *      AZ: AZMET ETo   STD: STANDARDIZED PENMAN-MONTEITH ETo                *
  *                                                                           *
  *     ## or 999 : MISSING DATA, ETo & HEAT UNIT TOTALS ARE PRORATED         *
  *            55 : TEMPERATURE LIMITS = 86/55  DEGREES F                     *
  *            50 : TEMPERATURE LIMITS = 86/50  DEGREES F                     *
  *            45 : TEMPERATURE LIMITS = 86/45  DEGREES F                     *
  *****************************************************************************


                 ARIZONA METEOROLOGICAL NETWORK MONTHLY SUMMARY

                                  Queen Creek
                                   August 2019 

       AIR TEMP DEW  REL HUM   SOIL T   WIND    SOL  RAIN  ETo ETo  HEAT UNITS
 Aug   MX MN AV  PT  MX MN AV    4 20  AV  MX              AZ  STD   55  50  45
 ---  --- -- -- ---  -- -- --  --- --  --  ---  ---  ----  --- ---  --- --- ---
   1  103 75 89  68  95 23 56   97 93  1.6  13  646  0.00  .26 .24   28  33  38
   2  105 77 93  65  77 20 44  100 92  3.1  15  617  0.00  .29 .27   29  34  39
   3  109 79 93  62  69 17 39  101 93  4.7  24  579  0.00  .29 .30   30  34  39
   4  105 79 94  61  64 18 35  101 93  3.8  20  649  0.00  .32 .29   30  34  39
   5  109 79 94  59  59 15 34  102 94  6.5  31  634  0.00  .34 .36   29  34  39
   6  101 80 91  63  66 20 41  100 94  4.9  19  429  0.00  .22 .25   30  35  40
   7  102 81 90  65  66 19 45  101 94  4.5  27  587  0.00  .29 .28   30  35  40
   8  105 76 90  62  68 18 41  101 94  3.8  11  558  0.00  .26 .26   28  33  38
   9   99 79 88  62  76 24 44   97 94  3.6  19  413  0.08  .19 .21   29  34  39
  10   98 73 85  64  78 24 52   96 93  6.3  25  490  0.00  .24 .26   27  32  37
  11  101 74 88  62  69 23 44   98 92  3.4  14  588  0.00  .26 .25   28  33  38
  12  104 74 90  52  65 11 31  100 92  2.9  11  652  0.00  .30 .26   27  32  37
  13  104 68 88  53  60 12 32   99 93  2.7  11  660  0.00  .30 .25   25  30  35
  13  104 68 88  53  60 12 32   99 93  2.7  11  660  0.00  .30 .25   25  30  35
  14  108 67 89  49  59  9 28   99 93  2.5  12  658  0.00  .31 .26   25  30  35
  14  108 67 89  49  59  9 28   99 93  2.5  12  658  0.00  .31 .26   25  30  35
  15  110 69 91  46  54  8 23  100 93  3.8  11  656  0.00  .33 .30   26  31  36
  16  106 71 89  50  48 12 27  100 93  4.5  17  638  0.00  .32 .30   26  31  36
  17  105 74 91  56  60 15 34  101 93  3.8  14  611  0.00  .30 .28   28  33  38
  18  103 68 87  48  71 12 29   98 93  2.9   9  477  0.00  .22 .22   25  30  35
  19  105 67 87  49  70 11 30   98 93  3.4  10  639  0.00  .30 .26   25  30  35
  20  107 67 89  48  53  9 26   99 92  3.1   9  634  0.00  .31 .26   25  30  35
  21  109 72 90  47  57 10 25  100 93  4.3  15  631  0.00  .33 .30   27  32  37
  22  108 72 91  54  49 13 30  100 93  4.5  22  573  0.00  .29 .30   27  32  37
  23  101 74 89  61  71 21 41  101 93  3.8  24  603  0.00  .28 .26   28  32  37
  24   98 74 87  64  72 31 47  100 93  4.5  17  588  0.00  .27 .26   27  32  37
  25  100 79 89  65  71 28 47  101 93  3.8  15  587  0.00  .28 .25   29  34  39
  26  105 77 91  63  75 21 43  101 94  3.8  14  579  0.00  .28 .26   29  34  39
  27  108 75 93  59  64 18 35  102 94  4.5  15  596  0.00  .31 .29   28  33  38
  28  106 76 91  62  85 20 43  101 94  6.0  27  562  0.05  .30 .31   28  34  39
  29  101 74 88  65  89 23 51   99 94  3.8  23  585  0.00  .26 .25   28  32  37
  30  104 76 90  62  68 19 41  101 94  4.5  14  594  0.00  .29 .28   28  33  38
  31  103 78 90  62  66 17 41  101 94  3.8  13  576  0.00  .27 .26   29  34  39
  --- --- -- --  -- --- -- ---  -- --  --  ---  ---  ----  --- ---  --- --- ----
  AVG 104 74 90  58  67 17 37  100 93  3.9  17  594
  TOT                                                0.13  9.4 8.9 909 1073 1238

  *****************************************************************************
  *                          ABBREVIATIONS AND UNITS                          *
  *                                                                           *
  *   AIR TEMP : AIR TEMPERATURE IN DEGREES F          MX : MAXIMUM FOR DAY   *
  *   DEW PT   : DEWPOINT IN DEGREES F                 MN : MINIMUM FOR DAY   *
  *   REL HUM  : RELATIVE HUMIDITY IN PERCENT          AV : AVERAGE FOR DAY   *
  *   SOL      : SOLAR RADIATION IN LANGLEYS          TOT : TOTAL FOR MONTH   *
  *   WIND : WIND SPEEDS IN MILES PER HOUR                                    *
  *   SOIL : SOIL TEMPERATURE AT 4 AND 20 INCHES, IN DEGREES F                *
  *   RAIN : RAINFALL IN INCHES                                               *
  *   ETo  : REFERENCE EVAPOTRANSPIRATION IN INCHES                           *
  *      AZ: AZMET ETo   STD: STANDARDIZED PENMAN-MONTEITH ETo                *
  *                                                                           *
  *     ## or 999 : MISSING DATA, ETo & HEAT UNIT TOTALS ARE PRORATED         *
  *            55 : TEMPERATURE LIMITS = 86/55  DEGREES F                     *
  *            50 : TEMPERATURE LIMITS = 86/50  DEGREES F                     *
  *            45 : TEMPERATURE LIMITS = 86/45  DEGREES F                     *
  *****************************************************************************


                 ARIZONA METEOROLOGICAL NETWORK MONTHLY SUMMARY

                                  Queen Creek
                                September 2019 

       AIR TEMP DEW  REL HUM   SOIL T   WIND    SOL  RAIN  ETo ETo  HEAT UNITS
 Sep   MX MN AV  PT  MX MN AV    4 20  AV  MX              AZ  STD   55  50  45
 ---  --- -- -- ---  -- -- --  --- --  --  ---  ---  ----  --- ---  --- --- ---
   1  105 78 89  63  69 21 44  101 94  5.6  34  548  0.00  .28 .29   29  34  39
   2  103 74 88  63  79 19 47  101 94  3.1  11  579  0.00  .26 .24   28  33  38
   3  101 74 89  61  67 22 41  101 94  4.5  26  576  0.02  .28 .26   28  33  38
   4  109 74 92  60  79 13 40  100 94  4.9  15  562  0.00  .28 .29   28  33  38
   5  107 76 92  57  75 11 36  101 94  3.4  17  536  0.00  .27 .25   29  34  39
   6  102 76 89  62  61 20 41  100 94  3.8   9  521  0.00  .25 .24   28  33  38
   7  104 78 89  62  65 21 42   98 94  4.9  26  305  0.00  .17 .22   29  34  39
   8   98 76 87  62  67 28 45   98 93  5.6  30  466  0.00  .24 .25   28  33  38
   9  100 75 85  62  77 20 49   96 93  3.6  15  467  0.05  .21 .21   28  33  38
  10   96 77 86  64  78 24 49   96 92  7.2  19  498  0.00  .26 .27   28  33  38
  11   96 75 83  62  76 22 51   95 92  4.3  14  433  0.00  .19 .21   28  32  37
  12   99 66 83  54  74 14 41   95 91  2.9  10  569  0.00  .25 .22   24  29  34
  13  102 64 84  50  70 11 32   94 91  3.4  11  560  0.00  .26 .23   23  28  33
  14  101 77 87  54  54 17 33   95 91  7.8  30  390  0.00  .26 .31   29  34  39
  15   99 73 85  56  64 21 38   96 91  4.0  18  537  0.00  .25 .24   27  32  37
  16   98 71 82  60  72 27 49   94 91  5.4  25  399  0.00  .20 .22   26  31  36
  17   98 66 82  56  77 21 46   93 90  3.6  12  533  0.00  .24 .22   24  29  34
  18  101 67 85  52  70 14 37   94 90  3.8  15  527  0.00  .25 .23   25  30  35
  19  100 67 83  47  59 11 32   93 90  6.3  29  524  0.00  .30 .29   25  30  35
  20   96 62 78  40  66 10 30   91 89  5.4  21  544  0.00  .28 .26   21  26  31
  21   93 60 77  38  56 11 28   90 89  4.5  16  543  0.00  .26 .23   20  25  30
  22   98 59 80  42  60 12 28   90 88  3.6  12  528  0.00  .25 .22   21  26  31
  23   92 71 79  65  97 36 64   88 88  8.3  38  392  0.56  .19 .21   25  30  35
  24   83 65 73  60  93 35 67   83 87  6.0  21  347  0.05  .15 .16   19  24  29
  25   92 63 76  60  89 29 61   83 85  3.8  14  339  0.00  .14 .16   21  26  31
  26   89 66 75  63  94 33 70   85 85  4.3  21  346  0.02  .14 .15   22  27  32
  27   86 64 74  62  95 36 70   84 84  2.0  11  426  0.00  .15 .14   20  25  30
  28   91 61 77  56  90 26 54   86 84  4.9  16  498  0.00  .22 .20   20  25  30
  29   92 64 77  56  82 18 51   86 84  5.1  17  485  0.00  .22 .21   21  26  31
  --- --- -- --  -- --- -- ---  -- --  --  ---  ---  ----  --- ---  --- --- ----
  AVG  98 70 83  57  74 21 45   93 90  4.7  19  482
  TOT                                                0.70  6.7 6.6  723 867 1012

  *****************************************************************************
  *                          ABBREVIATIONS AND UNITS                          *
  *                                                                           *
  *   AIR TEMP : AIR TEMPERATURE IN DEGREES F          MX : MAXIMUM FOR DAY   *
  *   DEW PT   : DEWPOINT IN DEGREES F                 MN : MINIMUM FOR DAY   *
  *   REL HUM  : RELATIVE HUMIDITY IN PERCENT          AV : AVERAGE FOR DAY   *
  *   SOL      : SOLAR RADIATION IN LANGLEYS          TOT : TOTAL FOR MONTH   *
  *   WIND : WIND SPEEDS IN MILES PER HOUR                                    *
  *   SOIL : SOIL TEMPERATURE AT 4 AND 20 INCHES, IN DEGREES F                *
  *   RAIN : RAINFALL IN INCHES                                               *
  *   ETo  : REFERENCE EVAPOTRANSPIRATION IN INCHES                           *
  *      AZ: AZMET ETo   STD: STANDARDIZED PENMAN-MONTEITH ETo                *
  *                                                                           *
  *     ## or 999 : MISSING DATA, ETo & HEAT UNIT TOTALS ARE PRORATED         *
  *            55 : TEMPERATURE LIMITS = 86/55  DEGREES F                     *
  *            50 : TEMPERATURE LIMITS = 86/50  DEGREES F                     *
  *            45 : TEMPERATURE LIMITS = 86/45  DEGREES F                     *
  *****************************************************************************


                 ARIZONA METEOROLOGICAL NETWORK MONTHLY SUMMARY

                                  Queen Creek
                                  October 2019 

       AIR TEMP DEW  REL HUM   SOIL T   WIND    SOL  RAIN  ETo ETo  HEAT UNITS
 Oct   MX MN AV  PT  MX MN AV    4 20  AV  MX              AZ  STD   55  50  45
 ---  --- -- -- ---  -- -- --  --- --  --  ---  ---  ----  --- ---  --- --- ---
   1   89 52 72  37  70 10 33   83 84  4.3  17  509  0.00  .23 .20   15  20  25
   2   89 59 74  49  72 24 42   84 83  2.7  10  474  0.00  .19 .16   19  24  29
   3   93 55 75  48  79 15 42   84 83  2.5  12  486  0.00  .20 .16   17  23  28
   4   95 64 78  51  67 20 42   86 83  3.6  14  467  0.00  .21 .19   22  27  32
   5   94 59 76  48  70 16 41   86 83  3.1  12  485  0.00  .21 .18   20  25  30
   6   94 56 74  43  70  9 35   85 83  2.7  10  492  0.00  .21 .17   19  24  29
   7   99 54 76  42  65 12 33   84 83  2.7  11  475  0.00  .20 .17   18  23  28
   8   93 59 76  42  66 12 33   85 83  3.4  12  469  0.00  .21 .18   20  25  30
   9   92 53 74  39  59 12 30   83 82  4.7  16  467  0.00  .23 .21   17  22  27
  10   83 55 70  38  67 13 33   82 82  4.3  13  464  0.00  .20 .18   14  19  24
  11   88 49 69  27  63  8 23   80 82  3.6  13  475  0.00  .21 .17   14  18  23
  12   90 56 72  36  53 12 28   80 81  3.8  17  455  0.00  .21 .18   17  22  27
  13   91 50 71  37  62 11 32   80 80  3.4  11  458  0.00  .20 .17   16  20  25
  14   88 54 71  46  72 21 43   81 80  3.1  10  416  0.00  .17 .15   16  21  26
  15   90 56 72  47  76 16 43   82 80  3.8  11  440  0.00  .19 .17   17  22  27
  16   95 55 76  35  74  7 28   81 80  5.1  19  432  0.00  .24 .22   18  23  28
  17   95 63 80  41  46 14 26   83 80  6.5  19  432  0.00  .25 .24   22  27  32
  18   81 56 69  44  67 16 42   81 80  3.6  13  426  0.00  .17 .14   14  19  24
  19   85 47 65  33  73  9 34   78 80  2.9  12  434  0.00  .18 .15   13  17  21
  20   81 43 64  28  53 10 27   76 79  3.4  11  432  0.00  .19 .15   10  13  17
  21   80 45 64  28  55 11 27   75 78  2.9  11  429  0.00  .18 .13   10  13  18
  22   86 44 66  33  64 11 30   75 77  3.4  10  425  0.00  .18 .15   12  16  20
  23   89 48 68  33  59 12 29   76 76  3.1   8  417  0.00  .18 .15   14  18  23
  24   83 49 67  21  57  7 22   75 76  4.3  17  424  0.00  .20 .17   12  16  21
  25   82 51 67  15  38  7 14   74 76  7.4  22  419  0.00  .24 .23   12  17  22
  26   86 50 66  22  36  8 20   74 75  3.8   9  401  0.00  .18 .16   14  18  23
  27   88 47 69  23  44  9 20   73 75  8.7  26  392  0.00  .26 .27   14  18  22
  28   70 37 60  21  45  9 23   73 74  4.5  19  403  0.00  .17 .13    5   7  11
  29   73 33 53  18  62  8 28   68 74  2.9  15  406  0.00  .15 .11    5   8  11
  30   67 38 52   7  58  5 20   66 73  4.5  21  383  0.00  .16 .13    3   6   9
  31   77 32 56   2  54  3 14   64 71  4.0  16  408  0.00  .19 .15    7  10  13
  --- --- -- --  -- --- -- ---  -- --  --  ---  ---  ----  --- ---  --- --- ----
  AVG  87 51 69  33  61 11 30   79 79  3.9  14  442
  TOT                                                0.00  6.2 5.3  447 579 723

  *****************************************************************************
  *                          ABBREVIATIONS AND UNITS                          *
  *                                                                           *
  *   AIR TEMP : AIR TEMPERATURE IN DEGREES F          MX : MAXIMUM FOR DAY   *
  *   DEW PT   : DEWPOINT IN DEGREES F                 MN : MINIMUM FOR DAY   *
  *   REL HUM  : RELATIVE HUMIDITY IN PERCENT          AV : AVERAGE FOR DAY   *
  *   SOL      : SOLAR RADIATION IN LANGLEYS          TOT : TOTAL FOR MONTH   *
  *   WIND : WIND SPEEDS IN MILES PER HOUR                                    *
  *   SOIL : SOIL TEMPERATURE AT 4 AND 20 INCHES, IN DEGREES F                *
  *   RAIN : RAINFALL IN INCHES                                               *
  *   ETo  : REFERENCE EVAPOTRANSPIRATION IN INCHES                           *
  *      AZ: AZMET ETo   STD: STANDARDIZED PENMAN-MONTEITH ETo                *
  *                                                                           *
  *     ## or 999 : MISSING DATA, ETo & HEAT UNIT TOTALS ARE PRORATED         *
  *            55 : TEMPERATURE LIMITS = 86/55  DEGREES F                     *
  *            50 : TEMPERATURE LIMITS = 86/50  DEGREES F                     *
  *            45 : TEMPERATURE LIMITS = 86/45  DEGREES F                     *
  *****************************************************************************


                 ARIZONA METEOROLOGICAL NETWORK MONTHLY SUMMARY

                                  Queen Creek
                                  November 2019 

       AIR TEMP DEW  REL HUM   SOIL T   WIND    SOL  RAIN  ETo ETo  HEAT UNITS
 Nov   MX MN AV  PT  MX MN AV    4 20  AV  MX              AZ  STD   55  50  45
 ---  --- -- -- ---  -- -- --  --- --  --  ---  ---  ----  --- ---  --- --- ---
   1   80 40 59  16  57  8 19   66 70  2.2   7  398  0.00  .15 .11    9  12  16
   2   87 43 64  21  57  8 21   68 70  2.2   8  372  0.00  .16 .11   13  16  20
   3   86 49 65  29  53 10 27   70 70  2.2  11  361  0.00  .15 .11   14  18  23
   4   85 44 64  31  51 12 32   70 70  3.4   8  361  0.00  .15 .13   12  16  20
   5   87 47 67  38  63 14 35   71 70  2.9   7  347  0.00  .14 .12   14  18  22
   6   85 55 69  40  67 17 38   74 71  4.0  12  347  0.00  .16 .15   15  20  25
   7   84 49 65  44  76 24 47   72 71  2.5  10  343  0.00  .13 .11   12  16  21
   8   85 58 73  42  64 18 35   73 71  5.1  17  287  0.00  .15 .16   17  22  27
   9   85 52 69  42  72 21 40   73 71  2.5  15  310  0.00  .13 .11   14  18  23
  10   87 55 69  46  70 22 46   74 71  2.0   8  332  0.00  .13 .10   16  21  26
  11   82 51 67  45  76 23 47   73 72  3.1   8  331  0.00  .13 .11   12  16  21
  12   78 52 66  36  60 20 33   72 72  7.4  22  335  0.00  .19 .17   10  15  20
  13   80 45 59  35  76 17 43   70 71  2.0  10  337  0.00  .11 .09   10  13  17
  14   81 42 60  35  68 17 42   69 71  1.8   7  336  0.00  .12 .09   10  13  17
  15   83 47 64  33  70 12 35   69 70  2.5  12  291  0.00  .12 .10   12  16  20
  16   82 49 62  35  69 14 38   69 70  2.0   7  277  0.00  .11 .09   12  16  20
  17   82 44 62  32  70 13 35   68 70  2.5   9  336  0.00  .13 .10   11  14  18
  18   84 42 62  28  70 11 30   67 69  1.8   8  322  0.00  .12 .09   11  14  18
  19   73 46 59  41  96 17 57   66 69  4.7  25  105  0.47  .04 .09    7  10  15
  20   68 51 59  55  96 60 86   64 68  8.7  33  149  0.43  .04 .06    6  10  15
  21   63 47 54  49  98 53 86   61 67  3.8  20  281  0.73  .06 .06    3   6  10
  22   65 44 54  47  98 44 79   61 66  1.6   7  331  0.03  .08 .06    3   6   9
  23   70 40 54  43  98 29 71   59 65  1.8   7  327  0.00  .09 .06    5   8  11
  24   70 45 55  45  94 35 72   59 64  2.2   9  287  0.00  .07 .07    5   8  13
  25   66 42 53  44  96 44 75   57 64  4.5  19  228  0.00  .06 .07    3   6   9
  26   61 35 49  28  87 14 48   56 63  4.7  15  322  0.00  .10 .09    1   3   6
  27   68 33 53  39  92 38 63   54 62  5.4  15  207  0.00  .08 .09    4   6   9
  28   68 56 61  46  70 44 57   60 61 10.7  26  171  0.00  .10 .13    6  12  17
  29   60 41 50  44  99 52 80   57 62  6.9  40  160  1.00  .04 .06    1   3   6
  30   60 37 47  38  96 37 76   53 61  2.2   7  311  0.00  .07 .05    1   3   6
  --- --- -- --  -- --- -- ---  -- --  --  ---  ---  ----  --- ---  --- --- ----
  AVG  77 46 60  38  77 25 50   66 68  3.6  14  297
  TOT                                                2.66  3.3 2.9  267 376 501

  *****************************************************************************
  *                          ABBREVIATIONS AND UNITS                          *
  *                                                                           *
  *   AIR TEMP : AIR TEMPERATURE IN DEGREES F          MX : MAXIMUM FOR DAY   *
  *   DEW PT   : DEWPOINT IN DEGREES F                 MN : MINIMUM FOR DAY   *
  *   REL HUM  : RELATIVE HUMIDITY IN PERCENT          AV : AVERAGE FOR DAY   *
  *   SOL      : SOLAR RADIATION IN LANGLEYS          TOT : TOTAL FOR MONTH   *
  *   WIND : WIND SPEEDS IN MILES PER HOUR                                    *
  *   SOIL : SOIL TEMPERATURE AT 4 AND 20 INCHES, IN DEGREES F                *
  *   RAIN : RAINFALL IN INCHES                                               *
  *   ETo  : REFERENCE EVAPOTRANSPIRATION IN INCHES                           *
  *      AZ: AZMET ETo   STD: STANDARDIZED PENMAN-MONTEITH ETo                *
  *                                                                           *
  *     ## or 999 : MISSING DATA, ETo & HEAT UNIT TOTALS ARE PRORATED         *
  *            55 : TEMPERATURE LIMITS = 86/55  DEGREES F                     *
  *            50 : TEMPERATURE LIMITS = 86/50  DEGREES F                     *
  *            45 : TEMPERATURE LIMITS = 86/45  DEGREES F                     *
  *****************************************************************************


                 ARIZONA METEOROLOGICAL NETWORK MONTHLY SUMMARY

                                  Queen Creek
                                  December 2019 

       AIR TEMP DEW  REL HUM   SOIL T   WIND    SOL  RAIN  ETo ETo  HEAT UNITS
 Dec   MX MN AV  PT  MX MN AV    4 20  AV  MX              AZ  STD   55  50  45
 ---  --- -- -- ---  -- -- --  --- --  --  ---  ---  ----  --- ---  --- --- ---
   1   63 33 48  36  95 30 68   52 59  2.0   9  312  0.00  .08 .06    2   4   7
   2   65 35 50  41  93 42 73   52 58  2.5   9  241  0.00  .06 .05    3   5   7
   3   65 38 52  44  96 39 75   54 58  2.7  19  232  0.00  .06 .05    3   5   8
   4   75 51 61  49  93 37 69   59 58  2.7  11  238  0.00  .07 .07    8  13  18
   5   73 48 59  50  96 42 76   62 59  1.3   7  279  0.00  .07 .06    7  11  15
   6   72 44 55  48  98 41 79   59 60  1.6   6  238  0.00  .05 .05    6   9  13
   7   70 43 56  50  98 46 81   59 60  2.5  11  210  0.07  .04 .05    5   8  12
   8   63 53 57  54  98 75 92   60 60  1.6   9   93  0.00  .00 .03    3   8  13
   9   63 45 54  51  99 59 90   59 60  1.8   9  132  0.07  .02 .03    2   5   9
  10   66 37 51  44  98 43 81   56 60  2.2   8  311  0.00  .07 .05    3   5   8
  11   69 40 51  44  97 34 79   55 59  2.0  10  254  0.00  .06 .06    4   7  10
  12   67 38 51  44  97 40 78   55 59  2.0   6  284  0.00  .06 .05    3   6   9
  13   70 38 52  44  97 39 77   56 58  2.0   7  290  0.00  .07 .06    5   7  11
  14   71 40 54  44  96 33 72   56 58  2.7   9  267  0.00  .07 .06    5   8  11
  15   62 39 51  39  95 29 67   56 58  4.5  17  282  0.00  .08 .07    2   4   7
  16   58 30 45  28  96 20 58   52 58  3.6  18  289  0.00  .08 .06    0   2   4
  17   61 28 46  13  72  8 30   49 57  5.8  22  305  0.00  .13 .11    1   3   5
  18   63 32 51  14  67 12 24   50 55  8.7  28  293  0.00  .17 .15    2   4   6
  19   63 32 48  25  84 19 43   51 55  2.5  11  291  0.00  .09 .06    2   4   6
  20   71 29 46  27  88 12 55   50 55  3.4  10  297  0.00  .08 .09    5   7  10
  21   72 33 51  28  80 16 45   51 54  2.2   9  289  0.00  .09 .07    5   8  10
  22   73 40 55  26  65 12 37   53 54  4.0  15  220  0.00  .10 .11    6   9  12
  23   65 42 55  31  84 22 42   53 55  4.9  16   69  0.02  .06 .09    3   6   9
  24   56 47 52  48  97 72 89   54 55  6.0  22   54  0.89  .00 .03    0   2   6
  25   56 40 48  46  98 68 92   53 55  2.9  17  169  0.08  .02 .03    0   2   4
  26   62 36 47  42  99 44 83   51 55  3.8  14  240  0.30  .06 .06    2   4   6
  27   47 43 45  43  97 82 91   50 54  4.5  19   94  0.21  .00 .03    0   0   1
  28   52 34 44  36  97 41 76   49 54  6.0  22  265  0.01  .07 .05    0   0   2
  29   51 28 39  30  95 39 74   45 53  3.4  11  291  0.00  .06 .05    0   0   1
  30   54 29 43  31  96 33 66   44 51  3.6  13  131  0.00  .03 .05    0   1   2
  31   59 37 50  31  91 30 50   46 51  6.3  17  160  0.00  .07 .09    1   3   5
  --- --- -- --  -- --- -- ---  -- --  --  ---  ---  ----  --- ---  --- --- ----
  AVG  64 38 51  38  92 37 68   53 57  3.4  13  230
  TOT                                                1.65  1.9 1.9   87 156 249

  *****************************************************************************
  *                          ABBREVIATIONS AND UNITS                          *
  *                                                                           *
  *   AIR TEMP : AIR TEMPERATURE IN DEGREES F          MX : MAXIMUM FOR DAY   *
  *   DEW PT   : DEWPOINT IN DEGREES F                 MN : MINIMUM FOR DAY   *
  *   REL HUM  : RELATIVE HUMIDITY IN PERCENT          AV : AVERAGE FOR DAY   *
  *   SOL      : SOLAR RADIATION IN LANGLEYS          TOT : TOTAL FOR MONTH   *
  *   WIND : WIND SPEEDS IN MILES PER HOUR                                    *
  *   SOIL : SOIL TEMPERATURE AT 4 AND 20 INCHES, IN DEGREES F                *
  *   RAIN : RAINFALL IN INCHES                                               *
  *   ETo  : REFERENCE EVAPOTRANSPIRATION IN INCHES                           *
  *      AZ: AZMET ETo   STD: STANDARDIZED PENMAN-MONTEITH ETo                *
  *                                                                           *
  *     ## or 999 : MISSING DATA, ETo & HEAT UNIT TOTALS ARE PRORATED         *
  *            55 : TEMPERATURE LIMITS = 86/55  DEGREES F                     *
  *            50 : TEMPERATURE LIMITS = 86/50  DEGREES F                     *
  *            45 : TEMPERATURE LIMITS = 86/45  DEGREES F                     *
  *****************************************************************************

