
                 ARIZONA METEOROLOGICAL NETWORK MONTHLY SUMMARY

                                  Queen Creek
                                  January 2020 

       AIR TEMP DEW  REL HUM   SOIL T   WIND    SOL  RAIN  ETo ETo  HEAT UNITS
 Jan   MX MN AV  PT  MX MN AV    4 20  AV  MX              AZ  STD   55  50  45
 ---  --- -- -- ---  -- -- --  --- --  --  ---  ---  ----  --- ---  --- --- ---
   1   60 32 45  36  95 37 75   47 50  2.2   7  257  0.00  .05 .05    1   3   5
   2   59 33 46  38  97 39 77   48 50  3.1  11  293  0.00  .07 .05    1   2   5
   3   62 30 45  34  96 26 69   48 50  2.5   8  296  0.00  .07 .06    2   3   6
   4   65 32 47  36  94 31 70   48 50  2.9   9  293  0.00  .07 .06    3   5   7
   5   68 33 48  37  95 28 69   49 51  2.7   9  306  0.00  .08 .07    4   6   9
   6   71 32 49  33  97 14 61   49 51  3.4  12  311  0.00  .10 .09    5   7  10
   7   72 34 52  28  79 17 44   50 51  2.5  10  300  0.00  .10 .07    5   7  10
   8   68 35 51  29  86 21 46   50 51  3.1  13  308  0.00  .11 .08    4   6   9
   9   61 34 47  36  90 29 68   50 51  4.7  15  199  0.00  .06 .07    1   3   6
  10   60 32 46  35  97 29 70   51 51  3.1  10  306  0.00  .07 .06    1   3   5
  11   62 31 44  30  95 24 63   49 51  2.9  12  311  0.00  .08 .07    1   3   6
  12   65 29 46  32  94 25 63   49 51  2.5   7  312  0.00  .08 .07    3   4   7
  13   71 29 47  30  91 14 58   49 51  2.2   7  315  0.00  .09 .07    4   7   9
  14   70 31 49  34  89 22 60   50 51  2.2   9  292  0.00  .08 .07    4   6   9
  15   69 36 51  37  88 27 62   52 51  2.0   6  260  0.00  .07 .06    4   6   9
  16   65 42 53  43  94 39 69   53 52  6.7  24  104  0.00  .04 .08    3   6   9
  17   65 36 49  40  97 34 73   53 52  2.5   9  320  0.00  .08 .06    3   5   8
  18   68 32 50  36  96 24 63   52 52  3.4  12  326  0.00  .09 .08    4   6   9
  19   76 36 56  35  85 17 51   53 52  3.6  15  323  0.00  .12 .11    7  10  13
  20   74 49 63  37  65 24 40   56 53  5.1  17  194  0.00  .10 .12    8  12  17
  21   60 50 54  49  97 49 84   57 54  3.1  17  103  0.10  .01 .04    2   5  10
  22   62 43 53  48  99 53 85   57 54  1.8  12  287  0.00  .06 .05    2   5   8
  23   70 37 51  43  98 34 77   55 55  2.0   7  333  0.00  .08 .07    4   7  10
  24   70 37 52  42  97 29 72   55 54  2.2   9  306  0.00  .08 .07    5   7  10
  25   73 36 52  42  97 33 72   56 54  1.6   7  335  0.00  .09 .07    6   8  11
  26   73 37 54  43  96 31 70   56 55  1.8   7  334  0.00  .09 .07    6   8  11
  27   68 42 55  41  94 28 63   58 55  4.3  16  341  0.00  .11 .09    4   7  11
  28   69 35 51  32  92 17 54   56 55  2.7   9  354  0.00  .11 .09    4   7   9
  29   62 34 47  36  91 33 66   54 55  3.6  15  215  0.00  .06 .07    2   4   6
  30   67 34 49  32  86 20 56   53 55  3.4  14  334  0.00  .10 .09    3   5   8
  31   70 33 50  31  86 13 52   54 54  3.1  12  365  0.00  .12 .09    5   7  10
  --- --- -- --  -- --- -- ---  -- --  --  ---  ---  ----  --- ---  --- --- ----
  AVG  67 35 50  37  92 28 64   52 52  3.0  11  288
  TOT                                                0.10  2.5 2.2  107 180 273

  *****************************************************************************
  *                          ABBREVIATIONS AND UNITS                          *
  *                                                                           *
  *   AIR TEMP : AIR TEMPERATURE IN DEGREES F          MX : MAXIMUM FOR DAY   *
  *   DEW PT   : DEWPOINT IN DEGREES F                 MN : MINIMUM FOR DAY   *
  *   REL HUM  : RELATIVE HUMIDITY IN PERCENT          AV : AVERAGE FOR DAY   *
  *   SOL      : SOLAR RADIATION IN LANGLEYS          TOT : TOTAL FOR MONTH   *
  *   WIND : WIND SPEEDS IN MILES PER HOUR                                    *
  *   SOIL : SOIL TEMPERATURE AT 4 AND 20 INCHES, IN DEGREES F                *
  *   RAIN : RAINFALL IN INCHES                                               *
  *   ETo  : REFERENCE EVAPOTRANSPIRATION IN INCHES                           *
  *      AZ: AZMET ETo   STD: STANDARDIZED PENMAN-MONTEITH ETo                *
  *                                                                           *
  *     ## or 999 : MISSING DATA, ETo & HEAT UNIT TOTALS ARE PRORATED         *
  *            55 : TEMPERATURE LIMITS = 86/55  DEGREES F                     *
  *            50 : TEMPERATURE LIMITS = 86/50  DEGREES F                     *
  *            45 : TEMPERATURE LIMITS = 86/45  DEGREES F                     *
  *****************************************************************************


                 ARIZONA METEOROLOGICAL NETWORK MONTHLY SUMMARY

                                  Queen Creek
                                  February 2020 

       AIR TEMP DEW  REL HUM   SOIL T   WIND    SOL  RAIN  ETo ETo  HEAT UNITS
 Feb   MX MN AV  PT  MX MN AV    4 20  AV  MX              AZ  STD   55  50  45
 ---  --- -- -- ---  -- -- --  --- --  --  ---  ---  ----  --- ---  --- --- ---
   1   76 35 53  34  87 17 53   55 54  2.7   9  365  0.00  .12 .10    6   9  13
   2   79 35 57  32  83 14 44   57 55  4.7  14  369  0.00  .15 .14    8  11  14
   3   61 39 52  29  70 16 43   56 55  7.2  21  204  0.00  .09 .11    1   4   7
   4   53 28 39  10  75 13 32   52 55  3.4  11  380  0.00  .10 .08    0   0   2
   5   51 22 37  13  81 13 41   48 54  3.4  13  313  0.00  .08 .07    0   0   1
   6   60 25 42  17  71 15 41   49 52  3.6  11  372  0.00  .11 .09    1   3   5
   7   68 28 48  25  80 18 46   52 52  2.9  10  386  0.00  .12 .09    3   5   8
   8   73 32 51  32  84 20 52   55 52  2.9  11  386  0.00  .12 .10    5   8  11
   9   73 38 56  34  80 22 46   56 53  5.4  20  336  0.00  .14 .13    6   8  12
  10   70 46 56  44  96 31 68   59 54  3.4  14  304  0.18  .09 .09    6   9  13
  11   59 41 49  43  98 48 80   57 55  3.6  15  326  0.01  .07 .07    1   3   6
  12   63 33 47  37  98 27 71   55 55  3.4   9  404  0.00  .10 .08    2   4   6
  13   66 31 48  35  93 26 64   55 55  3.1  11  409  0.00  .12 .09    3   5   7
  14   71 37 53  37  90 21 58   57 55  2.9  11  393  0.00  .12 .10    5   8  11
  15   72 33 52  36  92 20 59   58 55  2.9   9  413  0.00  .13 .10    5   7  10
  16   75 34 53  34  89 17 56   58 55  2.0   7  415  0.00  .13 .10    6   9  12
  17   75 36 55  36  87 18 53   60 56  2.5   9  417  0.00  .13 .11    6   9  12
  18   77 38 56  38  86 20 56   61 56  2.2   6  410  0.00  .13 .11    7  10  14
  19   77 41 57  39  86 21 55   62 57  2.0   8  398  0.00  .13 .10    8  11  15
  20   78 38 58  39  83 19 51   63 58  3.1   8  400  0.00  .14 .12    8  11  15
  21   73 54 65  37  65 27 37   64 58  8.1  21  270  0.00  .16 .17    9  14  19
  22   65 50 58  52  95 38 80   61 59  8.9  24  106  0.49  .03 .07    4   8  13
  23   62 44 53  45  96 49 77   58 58  4.3  14  322  0.18  .08 .08    2   5   8
  24   67 39 53  45  97 44 76   58 58  2.2  11  444  0.00  .12 .09    4   6   9
  25   64 36 52  29  97 12 53   57 57  5.4  23  466  0.00  .17 .13    2   5   7
  26   65 40 54  17  69 12 24   56 57  7.8  21  470  0.00  .20 .18    3   6   9
  27   73 33 53  33  85 16 51   57 56  1.8   7  434  0.00  .13 .10    6   8  11
  28   78 39 59  36  85 13 49   58 56  3.1  15  312  0.00  .11 .12    8  11  14
  29   78 40 59  37  84 13 49   62 57  2.9   9  469  0.00  .16 .13    8  11  15
  --- --- -- --  -- --- -- ---  -- --  --  ---  ---  ----  --- ---  --- --- ----
  AVG  69 37 53  34  86 22 54   57 55  3.8  13  369
  TOT                                                0.86  3.5 3.1  133 207 298

  *****************************************************************************
  *                          ABBREVIATIONS AND UNITS                          *
  *                                                                           *
  *   AIR TEMP : AIR TEMPERATURE IN DEGREES F          MX : MAXIMUM FOR DAY   *
  *   DEW PT   : DEWPOINT IN DEGREES F                 MN : MINIMUM FOR DAY   *
  *   REL HUM  : RELATIVE HUMIDITY IN PERCENT          AV : AVERAGE FOR DAY   *
  *   SOL      : SOLAR RADIATION IN LANGLEYS          TOT : TOTAL FOR MONTH   *
  *   WIND : WIND SPEEDS IN MILES PER HOUR                                    *
  *   SOIL : SOIL TEMPERATURE AT 4 AND 20 INCHES, IN DEGREES F                *
  *   RAIN : RAINFALL IN INCHES                                               *
  *   ETo  : REFERENCE EVAPOTRANSPIRATION IN INCHES                           *
  *      AZ: AZMET ETo   STD: STANDARDIZED PENMAN-MONTEITH ETo                *
  *                                                                           *
  *     ## or 999 : MISSING DATA, ETo & HEAT UNIT TOTALS ARE PRORATED         *
  *            55 : TEMPERATURE LIMITS = 86/55  DEGREES F                     *
  *            50 : TEMPERATURE LIMITS = 86/50  DEGREES F                     *
  *            45 : TEMPERATURE LIMITS = 86/45  DEGREES F                     *
  *****************************************************************************


                 ARIZONA METEOROLOGICAL NETWORK MONTHLY SUMMARY

                                  Queen Creek
                                   March 2020 

       AIR TEMP DEW  REL HUM   SOIL T   WIND    SOL  RAIN  ETo ETo  HEAT UNITS
 Mar   MX MN AV  PT  MX MN AV    4 20  AV  MX              AZ  STD   55  50  45
 ---  --- -- -- ---  -- -- --  --- --  --  ---  ---  ----  --- ---  --- --- ---
   1   74 46 59  34  76 15 42   63 58  6.3  17  452  0.00  .19 .17    7  11  15
   2   68 38 54  38  88 24 57   61 58  4.0  15  393  0.00  .13 .11    4   6   9
   3   71 41 55  40  93 23 62   62 58  4.5  14  469  0.00  .15 .13    5   8  12
   4   72 44 56  42  90 29 62   63 59  4.3  12  478  0.00  .15 .13    6   9  13
   5   83 39 62  37  90 13 49   64 59  4.3  18  455  0.00  .18 .17   10  13  17
   6   83 58 72  33  45 15 24   68 60  9.2  24  478  0.00  .28 .27   15  21  26
   7   82 49 67  37  75 17 37   69 62  6.0  20  488  0.00  .23 .20   12  16  21
   8   73 50 61  41  77 29 49   68 62  3.8  15  390  0.00  .15 .13    8  12  17
   9   77 43 62  43  91 21 53   68 63  3.6  13  480  0.00  .17 .14    8  12  16
  10   73 54 63  51  97 38 68   68 63  4.0  15  231  0.38  .07 .10    8  13  18
  11   68 58 63  60  98 78 91   66 63  3.6  11  239  0.17  .05 .07    8  13  18
  12   72 58 64  59  98 60 86   65 63  4.0  19  195  0.04  .04 .07   10  15  20
  13   67 46 56  48  96 42 78   62 63  6.7  27  393  0.10  .12 .11    4   7  11
  14   73 42 57  46  97 32 70   63 62  2.5  11  522  0.00  .16 .13    6   9  13
  15   76 46 60  47  95 22 67   65 61  2.5  10  499  0.00  .16 .13    8  12  16
  16   77 47 61  46  94 21 62   67 62  4.0  11  494  0.00  .17 .15    8  12  17
  17   75 47 61  45  95 24 61   68 63  3.4  17  505  0.00  .17 .15    8  12  16
  18   65 47 54  46  94 42 75   63 63  6.5  27  191  0.46  .06 .09    4   7  11
  19   64 46 52  43  96 32 74   59 62  4.0  15  426  0.06  .11 .11    3   6  10
  20   70 40 55  42  96 25 67   60 61  2.0  11  496  0.00  .15 .12    5   8  11
  21   73 43 58  44  96 24 65   64 60  3.1  13  554  0.00  .18 .14    6   9  13
  22   73 46 59  44  91 25 62   65 61  2.0   8  424  0.00  .13 .12    7  10  15
  23   76 50 62  45  93 24 60   67 62  4.7  21  523  0.00  .19 .17    9  13  18
  24   77 41 61  42  96 18 56   68 63  2.9  18  570  0.00  .19 .15    8  11  15
  25   78 43 62  41  89 18 53   69 63  3.1  13  513  0.00  .18 .15    9  12  16
  26   68 51 58  41  75 29 53   68 64  4.0  14  416  0.00  .14 .13    5   9  14
  27   61 42 52  31  80 23 47   65 64  5.8  20  453  0.00  .16 .14    2   4   7
  28   69 34 54  29  85 14 45   64 63  3.4  10  574  0.00  .19 .15    4   6   9
  29   76 42 59  31  80 11 42   67 63  3.6  15  567  0.00  .21 .17    7  11  14
  30   76 41 60  32  77 14 40   68 64  4.3  14  591  0.00  .22 .19    8  10  14
  31   78 42 61  38  79 18 46   68 64  3.1  11  414  0.00  .15 .15    9  12  16
  --- --- -- --  -- --- -- ---  -- --  --  ---  ---  ----  --- ---  --- --- ----
  AVG  73 46 59  42  88 26 58   65 62  4.2  16  447
  TOT                                                1.21  4.8 4.4  221 328 455

  *****************************************************************************
  *                          ABBREVIATIONS AND UNITS                          *
  *                                                                           *
  *   AIR TEMP : AIR TEMPERATURE IN DEGREES F          MX : MAXIMUM FOR DAY   *
  *   DEW PT   : DEWPOINT IN DEGREES F                 MN : MINIMUM FOR DAY   *
  *   REL HUM  : RELATIVE HUMIDITY IN PERCENT          AV : AVERAGE FOR DAY   *
  *   SOL      : SOLAR RADIATION IN LANGLEYS          TOT : TOTAL FOR MONTH   *
  *   WIND : WIND SPEEDS IN MILES PER HOUR                                    *
  *   SOIL : SOIL TEMPERATURE AT 4 AND 20 INCHES, IN DEGREES F                *
  *   RAIN : RAINFALL IN INCHES                                               *
  *   ETo  : REFERENCE EVAPOTRANSPIRATION IN INCHES                           *
  *      AZ: AZMET ETo   STD: STANDARDIZED PENMAN-MONTEITH ETo                *
  *                                                                           *
  *     ## or 999 : MISSING DATA, ETo & HEAT UNIT TOTALS ARE PRORATED         *
  *            55 : TEMPERATURE LIMITS = 86/55  DEGREES F                     *
  *            50 : TEMPERATURE LIMITS = 86/50  DEGREES F                     *
  *            45 : TEMPERATURE LIMITS = 86/45  DEGREES F                     *
  *****************************************************************************


                 ARIZONA METEOROLOGICAL NETWORK MONTHLY SUMMARY

                                  Queen Creek
                                   April 2020 

       AIR TEMP DEW  REL HUM   SOIL T   WIND    SOL  RAIN  ETo ETo  HEAT UNITS
 Apr   MX MN AV  PT  MX MN AV    4 20  AV  MX              AZ  STD   55  50  45
 ---  --- -- -- ---  -- -- --  --- --  --  ---  ---  ----  --- ---  --- --- ---
   1   85 51 67  39  79 12 42   71 64  4.3  15  530  0.00  .22 .20   14  18  23
   2   83 47 67  31  60 13 29   72 65  7.2  22  596  0.00  .30 .26   12  16  20
   3   84 42 66  35  79 13 37   73 66  4.0  13  596  0.00  .24 .21   11  15  19
   4   84 50 66  33  74 10 34   73 67  4.9  16  601  0.00  .25 .23   13  17  22
   5   84 44 66  32  68 12 32   73 67  5.6  20  608  0.00  .28 .24   12  15  19
   6   84 45 65  30  73  8 31   73 68  6.3  19  613  0.00  .28 .25   12  15  19
   7   83 43 67  37  73 18 35   74 68  3.8  15  602  0.00  .24 .20   11  14  18
   8   83 48 66  41  76 20 44   74 69  7.6  26  557  0.00  .26 .24   12  16  21
   9   73 47 60  38  74 18 46   74 69  3.4  13  606  0.00  .21 .17    7  10  15
  10   77 40 60  33  78 12 40   73 69  3.8  16  625  0.00  .23 .19    8  11  14
  11   68 46 56  42  86 32 58   69 69  6.0  22  379  0.10  .13 .14    5   8  12
  12   75 44 60  44  93 28 60   68 67  4.5  17  578  0.00  .19 .17    7  11  14
  13   73 49 62  45  81 35 55   71 67  5.6  19  495  0.00  .19 .17    7  11  16
  14   77 46 63  35  90 12 42   72 67  3.8  17  639  0.00  .24 .19    8  12  16
  15   81 42 64  27  65  8 29   73 68  3.4  13  652  0.00  .26 .20   10  13  17
  16   86 42 65  28  69  7 29   74 68  4.3  12  656  0.00  .27 .24   12  15  19
  17   85 47 67  28  68  8 27   73 69  7.2  22  558  0.00  .28 .28   13  17  21
  18   76 47 63  34  60 20 36   73 69  5.1  20  617  0.00  .25 .21    8  12  16
  19   82 46 66  38  78 15 39   74 69  3.6  14  635  0.00  .24 .20   11  14  19
  20   86 47 68  37  74 11 36   77 70  3.8  13  649  0.00  .26 .22   13  17  22
  21   80 48 66  38  63 15 38   77 71  4.9  24  650  0.00  .27 .22   11  14  19
  22   86 48 69  42  72 16 40   78 71  3.4  14  648  0.00  .26 .22   14  17  22
  23   90 50 73  40  67 13 32   80 72  4.3  18  656  0.00  .29 .25   15  20  25
  24   95 56 77  40  61 10 29   82 73  3.4  12  664  0.00  .29 .24   19  24  29
  25   97 51 77  38  74  8 28   83 74  3.8  15  668  0.00  .30 .27   17  22  27
  26  100 53 79  38  63  8 28   84 75  3.6  13  672  0.00  .31 .27   18  23  28
  27  100 59 80  38  64  8 27   85 76  5.4  20  628  0.00  .31 .31   21  26  31
  28   98 55 79  37  61  8 27   85 76  4.3  13  667  0.00  .31 .28   19  24  29
  29  102 60 82  38  56  9 24   87 77  4.3  11  666  0.00  .32 .29   21  26  31
  30  100 62 82  42  59 10 27   87 78  4.0  12  536  0.00  .26 .26   22  27  32
  --- --- -- --  -- --- -- ---  -- --  --  ---  ---  ----  --- ---  --- --- ----
  AVG  85 48 68  37  71 14 36   76 70  4.6  17  608
  TOT                                                0.10  7.7 6.8  382 500 636

  *****************************************************************************
  *                          ABBREVIATIONS AND UNITS                          *
  *                                                                           *
  *   AIR TEMP : AIR TEMPERATURE IN DEGREES F          MX : MAXIMUM FOR DAY   *
  *   DEW PT   : DEWPOINT IN DEGREES F                 MN : MINIMUM FOR DAY   *
  *   REL HUM  : RELATIVE HUMIDITY IN PERCENT          AV : AVERAGE FOR DAY   *
  *   SOL      : SOLAR RADIATION IN LANGLEYS          TOT : TOTAL FOR MONTH   *
  *   WIND : WIND SPEEDS IN MILES PER HOUR                                    *
  *   SOIL : SOIL TEMPERATURE AT 4 AND 20 INCHES, IN DEGREES F                *
  *   RAIN : RAINFALL IN INCHES                                               *
  *   ETo  : REFERENCE EVAPOTRANSPIRATION IN INCHES                           *
  *      AZ: AZMET ETo   STD: STANDARDIZED PENMAN-MONTEITH ETo                *
  *                                                                           *
  *     ## or 999 : MISSING DATA, ETo & HEAT UNIT TOTALS ARE PRORATED         *
  *            55 : TEMPERATURE LIMITS = 86/55  DEGREES F                     *
  *            50 : TEMPERATURE LIMITS = 86/50  DEGREES F                     *
  *            45 : TEMPERATURE LIMITS = 86/45  DEGREES F                     *
  *****************************************************************************


                 ARIZONA METEOROLOGICAL NETWORK MONTHLY SUMMARY

                                  Queen Creek
                                    May 2020 

       AIR TEMP DEW  REL HUM   SOIL T   WIND    SOL  RAIN  ETo ETo  HEAT UNITS
 May   MX MN AV  PT  MX MN AV    4 20  AV  MX              AZ  STD   55  50  45
 ---  --- -- -- ---  -- -- --  --- --  --  ---  ---  ----  --- ---  --- --- ---
   1  101 54 82  31  61  3 20   87 78  4.9  21  689  0.00  .35 .31   19  24  29
   2   98 57 79  36  52  8 24   87 79  4.7  19  681  0.00  .33 .30   20  25  30
   3   95 59 79  37  52 10 24   87 79  4.5  16  680  0.00  .32 .28   20  25  30
   4   95 54 78  33  53  8 22   87 79  3.4  10  691  0.00  .31 .26   18  23  28
   5   99 55 80  34  56  8 22   87 80  3.6  12  691  0.00  .32 .28   19  24  29
   6  105 55 82  35  56  5 22   88 80  4.0  15  695  0.00  .34 .31   19  25  30
   7  100 55 82  34  61  6 20   89 80  4.3  15  696  0.00  .34 .30   19  24  29
   8  100 59 82  38  48  9 22   89 81  4.0  15  609  0.00  .29 .28   21  26  31
   9   97 66 83  47  56 15 30   90 81  3.8  13  614  0.00  .28 .26   24  28  33
  10   99 68 84  48  70 13 31   91 82  4.7  23  563  0.00  .28 .28   25  30  35
  11   96 65 82  42  75  8 30   90 82  5.1  20  680  0.00  .33 .30   23  28  33
  12   92 60 76  41  60 10 30   89 82  4.9  17  691  0.00  .31 .29   20  25  30
  13   90 58 74  42  63 13 34   88 82  4.3  14  685  0.00  .29 .26   18  23  28
  14   88 58 73  41  65 12 35   87 82  3.8  11  650  0.00  .27 .24   18  23  28
  15   92 54 76  41  66 12 31   88 82  3.4  12  691  0.00  .29 .25   17  22  27
  16   96 58 78  44  65 12 32   89 82  3.6  11  691  0.00  .30 .27   19  24  29
  17   98 59 80  39  61  9 27   90 82  4.3  19  698  0.00  .32 .29   21  25  30
  18   96 60 80  35  46  8 21   89 83  5.6  22  704  0.00  .35 .32   21  26  31
  19   89 59 74  38  49 17 28   88 83  6.9  26  714  0.00  .35 .31   18  23  28
  20   85 49 70  30  63  6 25   86 82  3.1  13  740  0.00  .30 .24   13  17  22
  21   90 46 71  30  63  5 25   85 82  3.4  15  739  0.00  .31 .26   14  18  22
  22   95 47 75  31  72  5 23   86 81  4.9  18  733  0.00  .34 .30   16  20  24
  23   94 55 76  35  56  7 27   87 81  5.1  17  721  0.00  .33 .30   18  23  28
  24   93 55 75  36  65  8 29   87 82  5.1  19  722  0.00  .33 .30   17  22  27
  25   96 55 78  32  50  6 21   87 82  4.7  16  738  0.00  .35 .30   18  23  28
  26  103 57 82  33  58  4 21   89 82  3.4  13  738  0.00  .34 .29   20  25  30
  27  103 57 83  41  62  8 26   90 82  4.5  16  726  0.00  .35 .32   21  26  31
  28  105 65 87  43  50  9 23   92 83  4.3  15  714  0.00  .35 .32   24  29  34
  29  111 63 92  47  62  9 23   94 84  4.5  18  709  0.00  .36 .34   24  29  34
  30  108 74 91  51  62 11 28   97 85  5.8  29  683  0.00  .37 .36   28  33  38
  31  105 71 89  55  75 13 35   97 86  4.0  16  707  0.00  .33 .31   26  31  36
  --- --- -- --  -- --- -- ---  -- --  --  ---  ---  ----  --- ---  --- --- ----
  AVG  97 58 80  39  60  9 26   89 82  4.4  17  693
  TOT                                                0.00 10.1 9.0  619 769 924

  *****************************************************************************
  *                          ABBREVIATIONS AND UNITS                          *
  *                                                                           *
  *   AIR TEMP : AIR TEMPERATURE IN DEGREES F          MX : MAXIMUM FOR DAY   *
  *   DEW PT   : DEWPOINT IN DEGREES F                 MN : MINIMUM FOR DAY   *
  *   REL HUM  : RELATIVE HUMIDITY IN PERCENT          AV : AVERAGE FOR DAY   *
  *   SOL      : SOLAR RADIATION IN LANGLEYS          TOT : TOTAL FOR MONTH   *
  *   WIND : WIND SPEEDS IN MILES PER HOUR                                    *
  *   SOIL : SOIL TEMPERATURE AT 4 AND 20 INCHES, IN DEGREES F                *
  *   RAIN : RAINFALL IN INCHES                                               *
  *   ETo  : REFERENCE EVAPOTRANSPIRATION IN INCHES                           *
  *      AZ: AZMET ETo   STD: STANDARDIZED PENMAN-MONTEITH ETo                *
  *                                                                           *
  *     ## or 999 : MISSING DATA, ETo & HEAT UNIT TOTALS ARE PRORATED         *
  *            55 : TEMPERATURE LIMITS = 86/55  DEGREES F                     *
  *            50 : TEMPERATURE LIMITS = 86/50  DEGREES F                     *
  *            45 : TEMPERATURE LIMITS = 86/45  DEGREES F                     *
  *****************************************************************************


                 ARIZONA METEOROLOGICAL NETWORK MONTHLY SUMMARY

                                  Queen Creek
                                   June 2020 

       AIR TEMP DEW  REL HUM   SOIL T   WIND    SOL  RAIN  ETo ETo  HEAT UNITS
 Jun   MX MN AV  PT  MX MN AV    4 20  AV  MX              AZ  STD   55  50  45
 ---  --- -- -- ---  -- -- --  --- --  --  ---  ---  ----  --- ---  --- --- ---
   1  102 70 87  51  59 12 31   97 87  4.7  19  701  0.00  .34 .32   26  31  36
   2  101 73 89  55  62 14 33   97 88  4.0  14  696  0.00  .33 .30   27  32  37
   3  107 71 90  53  55 11 31   98 88  4.0  10  706  0.00  .34 .32   27  32  37
   4  109 71 92  50  53 11 27   98 89  3.8  17  688  0.00  .33 .31   27  32  37
   5  103 73 88  47  53 11 26   96 89  4.0  21  423  0.00  .22 .25   27  32  37
   6   93 65 79  47  58 13 34   95 89  4.9  23  722  0.00  .32 .30   23  28  33
   7   93 63 80  46  68 13 34   94 88  5.1  19  717  0.00  .33 .30   22  27  32
   8   86 60 73  36  56  8 27   91 88  6.3  20  734  0.00  .35 .30   18  23  28
   9   94 50 75  28  55  5 19   89 87  3.8  12  752  0.00  .34 .28   16  21  26
  10  104 55 81  34  58  4 23   91 86  3.4  12  745  0.00  .34 .30   19  24  29
  11  108 61 86  38  55  5 22   93 86  4.0  13  725  0.00  .35 .32   23  28  33
  12  108 63 88  44  54  7 24   95 87  5.6  20  716  0.00  .38 .36   24  29  34
  13  106 65 85  37  59  4 21   95 87  5.4  24  718  0.00  .38 .36   24  29  34
  14  104 58 84  32  63  5 18   94 87  5.4  22  742  0.00  .39 .35   21  26  31
  15  104 65 86  40  48  9 21   95 87  4.5  17  727  0.00  .36 .33   24  29  34
  16  105 64 88  36  58  5 18   96 88  6.5  29  729  0.00  .41 .39   24  29  34
  17  102 60 83  37  52  5 21   95 88  5.6  25  741  0.00  .38 .35   22  27  32
  18  101 63 84  35  48  6 19   94 88  5.4  16  743  0.00  .37 .34   23  28  33
  19  101 59 82  36  65  3 24   94 88  3.6  16  748  0.00  .34 .30   21  26  31
  20  104 60 85  42  54  6 25   95 88  3.6  15  732  0.00  .34 .30   22  27  32
  21  103 63 86  44  54  9 25   96 88  4.5  13  726  0.00  .35 .32   23  28  33
  22  105 67 87  43  39  9 22   96 89  4.7  14  714  0.00  .35 .33   25  30  35
  23  105 67 87  44  49  7 23   96 89  4.3  18  713  0.00  .35 .32   25  30  35
  24  107 66 88  44  50  6 23   97 89  3.6  14  708  0.00  .34 .31   25  30  35
  25  107 67 88  43  55  5 23   97 89  4.7  16  659  0.00  .34 .33   25  30  35
  26  107 67 88  43  55  5 23   97 90  4.5  15  693  0.00  .35 .33   25  30  35
  27  104 63 87  47  60  9 27   97 90  5.1  19  694  0.00  .35 .33   23  28  33
  28  100 68 87  43  45 12 22   96 90  8.7  27  707  0.00  .41 .40   25  30  35
  29   97 71 85  43  49 12 24   96 90  8.9  24  707  0.00  .41 .39   26  31  36
  30   97 68 84  44  53  8 27   95 89  6.3  20  714  0.00  .37 .34   24  29  34
  --- --- -- --  -- --- -- ---  -- --  --  ---  ---  ----  --- ---  --- --- ----
  AVG 102 65 85  42  55  8 25   95 88  5.0  18  708
  TOT                                                0.00 10.6 9.8  706 855 1005

  *****************************************************************************
  *                          ABBREVIATIONS AND UNITS                          *
  *                                                                           *
  *   AIR TEMP : AIR TEMPERATURE IN DEGREES F          MX : MAXIMUM FOR DAY   *
  *   DEW PT   : DEWPOINT IN DEGREES F                 MN : MINIMUM FOR DAY   *
  *   REL HUM  : RELATIVE HUMIDITY IN PERCENT          AV : AVERAGE FOR DAY   *
  *   SOL      : SOLAR RADIATION IN LANGLEYS          TOT : TOTAL FOR MONTH   *
  *   WIND : WIND SPEEDS IN MILES PER HOUR                                    *
  *   SOIL : SOIL TEMPERATURE AT 4 AND 20 INCHES, IN DEGREES F                *
  *   RAIN : RAINFALL IN INCHES                                               *
  *   ETo  : REFERENCE EVAPOTRANSPIRATION IN INCHES                           *
  *      AZ: AZMET ETo   STD: STANDARDIZED PENMAN-MONTEITH ETo                *
  *                                                                           *
  *     ## or 999 : MISSING DATA, ETo & HEAT UNIT TOTALS ARE PRORATED         *
  *            55 : TEMPERATURE LIMITS = 86/55  DEGREES F                     *
  *            50 : TEMPERATURE LIMITS = 86/50  DEGREES F                     *
  *            45 : TEMPERATURE LIMITS = 86/45  DEGREES F                     *
  *****************************************************************************


                 ARIZONA METEOROLOGICAL NETWORK MONTHLY SUMMARY

                                  Queen Creek
                                   July 2020 

       AIR TEMP DEW  REL HUM   SOIL T   WIND    SOL  RAIN  ETo ETo  HEAT UNITS
 Jul   MX MN AV  PT  MX MN AV    4 20  AV  MX              AZ  STD   55  50  45
 ---  --- -- -- ---  -- -- --  --- --  --  ---  ---  ----  --- ---  --- --- ---
   1  102 61 84  44  57 12 25   95 89  5.4  19  721  0.00  .36 .34   22  27  32
   2  101 66 85  54  58 16 36   96 89  4.5  19  637  0.00  .30 .30   24  29  34
   3  103 73 88  63  72 23 45   99 90  3.6  13  683  0.00  .30 .29   27  32  37
   4  106 74 90  61  67 18 40  100 90  3.6  14  705  0.00  .33 .30   28  33  38
   5  106 71 89  57  63 15 35  100 91  4.0  12  714  0.00  .34 .31   27  32  37
   6  107 68 89  50  59  7 28  100 91  4.0  11  718  0.00  .35 .31   25  30  35
   7  108 67 91  51  57  8 28  100 92  3.6  11  717  0.00  .34 .31   25  30  35
   8  108 74 94  56  61 15 31  102 92  4.3  15  693  0.00  .35 .33   28  33  38
   9  109 72 93  51  57  8 28  102 93  4.7  17  701  0.00  .36 .34   27  32  37
  10  108 77 94  58  60 18 33  103 93  6.0  20  667  0.00  .36 .36   29  34  39
  11  111 81 96  59  53 16 31  103 93  5.6  16  654  0.00  .35 .36   30  35  40
  12  112 80 98  59  52 13 30  105 94  4.5  19  674  0.00  .35 .34   30  35  40
  13  109 83 96  58  46 16 28  103 94  4.9  15  457  0.00  .26 .30   31  36  41
  14  109 75 94  57  61 15 32  103 94  4.9  19  688  0.00  .35 .34   28  33  38
  15  107 78 92  55  49 13 30  103 94  4.9  15  663  0.00  .34 .33   29  34  39
  16  108 76 94  55  60 12 29  103 95  5.1  15  653  0.00  .34 .34   28  33  38
  17  106 80 94  56  56 14 30  104 95  4.5  17  623  0.00  .32 .31   30  35  40
  18  105 80 93  56  50 16 30  104 95  4.7  16  699  0.00  .35 .33   30  35  40
  19  105 80 94  55  51 15 28  104 95  4.9  18  623  0.00  .33 .32   30  35  40
  20  103 82 92  52  45 13 27  103 95  4.9  16  532  0.00  .29 .30   30  35  40
  21  105 78 92  56  60 13 31  100 95  4.3  18  425  0.00  .22 .26   29  34  39
  22  105 77 92  61  66 19 36  103 94  3.8  19  660  0.00  .32 .30   29  34  39
  23   89 74 83  66  74 39 59   98 95  6.7  19  252  0.00  .13 .17   26  31  36
  24   99 73 84  65  94 27 57   98 94  5.6  21  605  0.13  .28 .28   27  32  37
  25  100 72 87  65  97 22 53   97 93  3.8  12  670  0.00  .30 .27   26  32  37
  26  106 78 92  59  69 12 35  100 93  3.1  11  681  0.00  .32 .29   29  34  39
  27  109 77 94  63  65 19 38  102 93  5.1  19  660  0.00  .33 .33   29  34  39
  28  111 78 95  62  71 14 36  104 94  3.4  15  676  0.00  .33 .30   29  34  39
  29  106 73 92  57  67 16 34  103 94  5.1  15  676  0.00  .34 .33   28  32  37
  30  110 73 94  56  62 12 30  103 95  5.4  16  681  0.00  .36 .35   28  33  38
  31  115 74 96  58  60 12 32  103 95  5.4  15  660  0.00  .35 .36   28  33  38
  --- --- -- --  -- --- -- ---  -- --  --  ---  ---  ----  --- ---  --- --- ----
  AVG 106 75 92  57  62 16 34  101 93  4.7  16  641
  TOT                                                0.13 10.0 9.7 867 1021 1176

  *****************************************************************************
  *                          ABBREVIATIONS AND UNITS                          *
  *                                                                           *
  *   AIR TEMP : AIR TEMPERATURE IN DEGREES F          MX : MAXIMUM FOR DAY   *
  *   DEW PT   : DEWPOINT IN DEGREES F                 MN : MINIMUM FOR DAY   *
  *   REL HUM  : RELATIVE HUMIDITY IN PERCENT          AV : AVERAGE FOR DAY   *
  *   SOL      : SOLAR RADIATION IN LANGLEYS          TOT : TOTAL FOR MONTH   *
  *   WIND : WIND SPEEDS IN MILES PER HOUR                                    *
  *   SOIL : SOIL TEMPERATURE AT 4 AND 20 INCHES, IN DEGREES F                *
  *   RAIN : RAINFALL IN INCHES                                               *
  *   ETo  : REFERENCE EVAPOTRANSPIRATION IN INCHES                           *
  *      AZ: AZMET ETo   STD: STANDARDIZED PENMAN-MONTEITH ETo                *
  *                                                                           *
  *     ## or 999 : MISSING DATA, ETo & HEAT UNIT TOTALS ARE PRORATED         *
  *            55 : TEMPERATURE LIMITS = 86/55  DEGREES F                     *
  *            50 : TEMPERATURE LIMITS = 86/50  DEGREES F                     *
  *            45 : TEMPERATURE LIMITS = 86/45  DEGREES F                     *
  *****************************************************************************


                 ARIZONA METEOROLOGICAL NETWORK MONTHLY SUMMARY

                                  Queen Creek
                                   August 2020 

       AIR TEMP DEW  REL HUM   SOIL T   WIND    SOL  RAIN  ETo ETo  HEAT UNITS
 Aug   MX MN AV  PT  MX MN AV    4 20  AV  MX              AZ  STD   55  50  45
 ---  --- -- -- ---  -- -- --  --- --  --  ---  ---  ----  --- ---  --- --- ---
   1  108 81 96  64  63 18 37  105 95  6.5  22  630  0.00  .34 .35   30  35  40
   2  105 81 93  62  57 22 36  102 96  5.1  15  475  0.00  .26 .28   30  35  40
   3  109 78 96  59  58 16 32  103 95  5.6  19  623  0.00  .34 .34   29  34  39
   4  107 79 94  56  54 12 30  103 95  4.5  18  632  0.00  .32 .31   30  35  40
   5  108 76 92  53  60  8 28  103 95  6.3  22  654  0.00  .37 .36   29  34  39
   6  109 70 90  46  49 10 23  101 95  4.0  15  666  0.00  .34 .31   26  31  36
   7  107 72 91  53  55 12 29  102 95  3.8  14  657  0.00  .32 .29   27  32  37
   8  107 75 92  54  52 12 29  103 95  4.0  15  655  0.00  .33 .30   28  33  38
   9  107 70 91  49  51  7 26  102 95  4.3  15  656  0.00  .33 .30   26  31  36
  10  107 69 91  48  52  8 24  101 95  4.3  15  657  0.00  .33 .31   26  31  36
  11  105 73 91  56  49 15 32  102 95  5.1  27  642  0.00  .32 .31   27  32  37
  12  106 78 92  61  62 19 36  103 95  3.6  14  630  0.00  .30 .28   29  34  39
  13  110 78 94  58  61 12 32  103 95  4.5  15  591  0.00  .31 .31   29  34  39
  14  111 78 95  56  60 12 29  104 96  3.6  15  621  0.00  .32 .29   29  34  39
  15  110 77 94  63  68 19 38  104 96  5.4  27  629  0.00  .32 .33   29  34  39
  16  109 78 94  61  67 11 35  105 96  4.9  33  586  0.00  .31 .30   29  34  39
  17  111 75 94  57  65 12 31  104 96  4.5  36  593  0.00  .31 .31   28  33  38
  18  112 78 96  55  63 11 27  104 96  4.3  20  580  0.00  .31 .31   29  34  39
  19  110 79 94  58  54 14 31  104 96  3.1  11  585  0.00  .29 .27   30  35  40
  20  104 74 92  65  87 16 43  104 96  7.2  31  580  0.63  .31 .32   28  33  38
  21   96 76 85  71  94 34 64   97 96  3.6  12  505  0.00  .21 .21   28  33  38
  22  100 80 89  70  83 25 55   98 95  4.3  14  559  0.00  .26 .25   30  35  40
  23  108 78 93  65  71 18 42  100 94  2.7  14  571  0.00  .26 .25   29  34  39
  24  114 80 97  59  65 11 32  101 94  4.0  21  558  0.00  .30 .30   30  35  40
  25  111 81 95  60  66 14 33  101 95  3.8  17  498  0.00  .26 .26   30  35  40
  26  109 76 92  61  64 15 37  100 95  4.3  17  464  0.00  .24 .26   29  33  38
  27  110 78 94  61  63 18 35  101 95  4.0  15  492  0.00  .26 .26   29  34  39
  28  108 78 94  56  61 15 30  101 95  5.4  18  603  0.00  .33 .32   29  34  39
  29  102 73 88  65  96 25 50  101 95  8.1  47  560  0.60  .29 .31   27  32  37
  30   99 73 83  68  94 30 63   95 94  4.5  22  512  0.00  .21 .23   27  32  37
  31   97 71 83  65  90 31 58   95 93  3.6  14  586  0.00  .25 .23   26  31  36
  --- --- -- --  -- --- -- ---  -- --  --  ---  ---  ----  --- ---  --- --- ----
  AVG 107 76 92  59  66 16 36  102 95  4.6  20  589
  TOT                                                1.23  9.3 9.1 882 1036 1191

  *****************************************************************************
  *                          ABBREVIATIONS AND UNITS                          *
  *                                                                           *
  *   AIR TEMP : AIR TEMPERATURE IN DEGREES F          MX : MAXIMUM FOR DAY   *
  *   DEW PT   : DEWPOINT IN DEGREES F                 MN : MINIMUM FOR DAY   *
  *   REL HUM  : RELATIVE HUMIDITY IN PERCENT          AV : AVERAGE FOR DAY   *
  *   SOL      : SOLAR RADIATION IN LANGLEYS          TOT : TOTAL FOR MONTH   *
  *   WIND : WIND SPEEDS IN MILES PER HOUR                                    *
  *   SOIL : SOIL TEMPERATURE AT 4 AND 20 INCHES, IN DEGREES F                *
  *   RAIN : RAINFALL IN INCHES                                               *
  *   ETo  : REFERENCE EVAPOTRANSPIRATION IN INCHES                           *
  *      AZ: AZMET ETo   STD: STANDARDIZED PENMAN-MONTEITH ETo                *
  *                                                                           *
  *     ## or 999 : MISSING DATA, ETo & HEAT UNIT TOTALS ARE PRORATED         *
  *            55 : TEMPERATURE LIMITS = 86/55  DEGREES F                     *
  *            50 : TEMPERATURE LIMITS = 86/50  DEGREES F                     *
  *            45 : TEMPERATURE LIMITS = 86/45  DEGREES F                     *
  *****************************************************************************


                 ARIZONA METEOROLOGICAL NETWORK MONTHLY SUMMARY

                                  Queen Creek
                                September 2020 

       AIR TEMP DEW  REL HUM   SOIL T   WIND    SOL  RAIN  ETo ETo  HEAT UNITS
 Sep   MX MN AV  PT  MX MN AV    4 20  AV  MX              AZ  STD   55  50  45
 ---  --- -- -- ---  -- -- --  --- --  --  ---  ---  ----  --- ---  --- --- ---
   1   98 76 86  66  79 30 53   96 92  5.1  15  543  0.00  .25 .25   28  33  38
   2   98 74 86  66  86 25 54   97 92  4.3  14  573  0.00  .26 .24   27  32  37
   3  102 73 88  62  72 21 43   97 92  4.3  13  579  0.00  .28 .26   27  32  37
   4  111 72 91  57  68 10 35   98 92  3.6   9  580  0.00  .28 .27   27  32  37
   5  112 78 96  50  59  9 23   99 93  5.4  20  577  0.00  .33 .32   30  34  39
   6  108 75 93  53  58 12 28  100 93  3.4  12  573  0.00  .29 .26   28  33  38
   7  104 75 90  57  50 16 34   98 93  5.4  13  563  0.00  .30 .29   28  33  38
   8   94 70 84  60  83 21 46   96 93  8.7  23  411  0.07  .24 .26   25  30  35
   9   89 55 74  40  74 12 31   88 92  4.3  15  581  0.00  .26 .22   17  22  27
  10   91 63 77  42  57 14 30   89 90  4.3  13  560  0.00  .25 .23   21  26  31
  11   89 59 74  51  69 27 47   86 89  2.5  10  321  0.00  .13 .14   19  23  28
  12   96 60 77  51  69 16 44   86 88  2.7   7  411  0.00  .17 .17   21  26  31
  13  103 62 82  49  74 11 35   87 87  3.6  19  452  0.00  .22 .22   23  27  32
  14  102 67 87  47  62 11 27   91 87  4.3  19  533  0.00  .28 .25   25  30  35
  15  101 69 85  53  65 16 34   92 87  3.6  11  530  0.00  .25 .23   26  30  35
  16  104 66 83  47  62 10 32   92 87  3.4  11  523  0.00  .25 .23   24  29  34
  17  107 65 86  42  51  8 24   91 88  4.0  18  519  0.00  .27 .26   24  29  34
  18  104 71 87  43  45  7 23   92 88  4.7  18  503  0.00  .28 .26   26  32  37
  19  103 73 89  46  43 10 24   93 88  5.4  21  511  0.00  .28 .28   27  32  37
  20  104 69 87  46  51 10 26   93 88  3.4  13  482  0.00  .25 .22   26  31  36
  21  100 69 85  49  49 14 30   93 88  4.5  15  507  0.00  .26 .24   25  30  35
  22  100 73 86  52  60 19 33   92 88  4.3  14  364  0.00  .19 .21   27  32  37
  23  100 67 84  49  59 14 32   92 88  4.5  17  505  0.00  .26 .24   24  29  34
  24  101 65 84  46  51 13 29   92 88  4.0  12  509  0.00  .26 .23   24  29  34
  25  103 64 84  46  52 11 28   92 88  3.6  12  506  0.00  .25 .22   24  29  34
  26  103 63 83  46  53 12 28   92 87  3.8  15  507  0.00  .25 .23   23  28  33
  27   99 64 82  45  58 11 29   91 87  3.4  12  509  0.00  .24 .21   23  28  33
  28  103 60 83  42  60  8 26   90 87  3.8  13  501  0.00  .24 .23   22  27  32
  29  101 69 83  42  49  8 25   91 87  3.4  19  500  0.00  .24 .21   25  30  35
  30  101 61 81  44  63  9 29   89 87  2.9  12  500  0.00  .23 .19   22  27  32
  --- --- -- --  -- --- -- ---  -- --  --  ---  ---  ----  --- ---  --- --- ----
  AVG 101 68 85  50  61 14 33   92 89  4.1  14  508
  TOT                                                0.07  7.5 7.1  737 887 1037

  *****************************************************************************
  *                          ABBREVIATIONS AND UNITS                          *
  *                                                                           *
  *   AIR TEMP : AIR TEMPERATURE IN DEGREES F          MX : MAXIMUM FOR DAY   *
  *   DEW PT   : DEWPOINT IN DEGREES F                 MN : MINIMUM FOR DAY   *
  *   REL HUM  : RELATIVE HUMIDITY IN PERCENT          AV : AVERAGE FOR DAY   *
  *   SOL      : SOLAR RADIATION IN LANGLEYS          TOT : TOTAL FOR MONTH   *
  *   WIND : WIND SPEEDS IN MILES PER HOUR                                    *
  *   SOIL : SOIL TEMPERATURE AT 4 AND 20 INCHES, IN DEGREES F                *
  *   RAIN : RAINFALL IN INCHES                                               *
  *   ETo  : REFERENCE EVAPOTRANSPIRATION IN INCHES                           *
  *      AZ: AZMET ETo   STD: STANDARDIZED PENMAN-MONTEITH ETo                *
  *                                                                           *
  *     ## or 999 : MISSING DATA, ETo & HEAT UNIT TOTALS ARE PRORATED         *
  *            55 : TEMPERATURE LIMITS = 86/55  DEGREES F                     *
  *            50 : TEMPERATURE LIMITS = 86/50  DEGREES F                     *
  *            45 : TEMPERATURE LIMITS = 86/45  DEGREES F                     *
  *****************************************************************************


                 ARIZONA METEOROLOGICAL NETWORK MONTHLY SUMMARY

                                  Queen Creek
                                  October 2020 

       AIR TEMP DEW  REL HUM   SOIL T   WIND    SOL  RAIN  ETo ETo  HEAT UNITS
 Oct   MX MN AV  PT  MX MN AV    4 20  AV  MX              AZ  STD   55  50  45
 ---  --- -- -- ---  -- -- --  --- --  --  ---  ---  ----  --- ---  --- --- ---
   1  105 60 81  41  59  5 28   89 86  2.9   7  501  0.00  .23 .20   22  27  32
   2  105 60 81  40  59  5 25   89 86  3.4   9  495  0.00  .24 .22   22  27  32
   3  101 57 79  38  59  7 25   88 86  4.0  10  494  0.00  .24 .22   20  25  30
   4  104 54 79  37  57  4 24   87 85  3.1  11  486  0.00  .23 .20   19  24  29
   5  101 57 79  38  50  6 24   87 85  3.4  10  445  0.00  .22 .20   20  25  30
   6  101 56 78  38  54  7 26   86 85  2.9   9  463  0.00  .22 .19   20  25  30
   7  105 56 79  38  55  5 25   86 84  4.0  10  454  0.00  .23 .22   20  25  30
   8   98 56 78  40  61  7 28   86 84  3.6  14  461  0.00  .22 .20   19  24  29
   9   98 57 79  40  60  8 27   86 84  4.0  12  467  0.00  .23 .20   19  25  30
  10   95 56 76  42  62 10 32   85 83  4.3  14  461  0.00  .22 .20   18  23  28
  11   94 56 74  44  67 16 36   84 83  3.4  10  448  0.00  .19 .17   18  23  28
  12   96 54 74  44  69 11 37   84 83  2.9   6  448  0.00  .19 .17   18  23  28
  13  100 55 76  42  61  8 32   83 82  2.9   8  451  0.00  .20 .18   19  24  29
  14   98 55 75  40  62  9 31   83 82  2.9   9  447  0.00  .20 .17   19  24  29
  15   94 53 74  43  59 16 34   83 82  3.1   9  438  0.00  .19 .17   17  22  27
  16   98 55 77  41  63  8 30   83 82  2.7   6  425  0.00  .19 .16   19  24  29
  17   97 56 75  36  67  8 26   82 81  3.4   9  410  0.00  .19 .17   19  24  29
  18   97 49 72  33  60  7 28   81 81  3.1   9  420  0.00  .19 .17   17  21  26
  19   98 53 74  35  54  8 27   81 80  2.9   7  419  0.00  .19 .17   18  23  28
  20   95 53 73  36  56 10 29   81 80  2.7   9  415  0.00  .18 .15   17  22  27
  21   97 53 74  35  55  8 27   80 80  3.1   9  399  0.00  .19 .17   18  23  28
  22   94 55 75  40  56 15 30   81 80  3.6  13  397  0.00  .19 .17   18  23  28
  23   93 59 76  44  55 14 34   81 80  4.0  13  392  0.00  .19 .17   20  25  30
  24   87 59 72  48  58 27 44   80 80  3.6  11  259  0.00  .11 .13   18  23  28
  25   85 59 72  47  63 26 43   78 79  7.4  20  241  0.00  .14 .19   17  22  27
  26   68 46 59  28  68 10 33   75 78  6.9  20  262  0.00  .13 .15    5   8  12
  27   64 37 51  27  78 20 42   69 77  4.5  16  378  0.00  .13 .11    3   5   8
  28   69 37 53  30  78 18 44   68 75  2.9  11  394  0.00  .13 .10    4   7  10
  29   85 42 64  31  79 12 34   69 74  4.9  20  377  0.00  .18 .17   12  15  19
  30   87 52 69  38  66 13 34   73 73  3.6  14  349  0.00  .15 .14   15  20  25
  31   85 52 68  41  66 16 39   73 73  2.7   9  326  0.00  .13 .12   14  18  23
  --- --- -- --  -- --- -- ---  -- --  --  ---  ---  ----  --- ---  --- --- ----
  AVG  93 54 73  39  62 11 32   81 81  3.6  11  414
  TOT                                                0.00  5.9 5.3  525 667 816

  *****************************************************************************
  *                          ABBREVIATIONS AND UNITS                          *
  *                                                                           *
  *   AIR TEMP : AIR TEMPERATURE IN DEGREES F          MX : MAXIMUM FOR DAY   *
  *   DEW PT   : DEWPOINT IN DEGREES F                 MN : MINIMUM FOR DAY   *
  *   REL HUM  : RELATIVE HUMIDITY IN PERCENT          AV : AVERAGE FOR DAY   *
  *   SOL      : SOLAR RADIATION IN LANGLEYS          TOT : TOTAL FOR MONTH   *
  *   WIND : WIND SPEEDS IN MILES PER HOUR                                    *
  *   SOIL : SOIL TEMPERATURE AT 4 AND 20 INCHES, IN DEGREES F                *
  *   RAIN : RAINFALL IN INCHES                                               *
  *   ETo  : REFERENCE EVAPOTRANSPIRATION IN INCHES                           *
  *      AZ: AZMET ETo   STD: STANDARDIZED PENMAN-MONTEITH ETo                *
  *                                                                           *
  *     ## or 999 : MISSING DATA, ETo & HEAT UNIT TOTALS ARE PRORATED         *
  *            55 : TEMPERATURE LIMITS = 86/55  DEGREES F                     *
  *            50 : TEMPERATURE LIMITS = 86/50  DEGREES F                     *
  *            45 : TEMPERATURE LIMITS = 86/45  DEGREES F                     *
  *****************************************************************************


                 ARIZONA METEOROLOGICAL NETWORK MONTHLY SUMMARY

                                  Queen Creek
                                  November 2020 

       AIR TEMP DEW  REL HUM   SOIL T   WIND    SOL  RAIN  ETo ETo  HEAT UNITS
 Nov   MX MN AV  PT  MX MN AV    4 20  AV  MX              AZ  STD   55  50  45
 ---  --- -- -- ---  -- -- --  --- --  --  ---  ---  ----  --- ---  --- --- ---
   1   91 57 75  38  68 12 29   75 74  5.8  24  268  0.00  .18 .20   18  23  28
   2   91 63 79  35  53 12 21   76 74  6.9  21  248  0.00  .19 .23   21  26  31
   3   95 56 75  40  55 12 30   77 74  3.6  15  325  0.00  .16 .15   19  24  29
   4   89 51 70  45  73 18 41   76 74  2.9   8  361  0.00  .15 .13   15  20  25
   5   96 52 76  37  73  9 30   76 74  6.0  22  358  0.00  .22 .22   17  22  27
   6   89 68 77  41  58 13 29   78 75  4.7  20  192  0.00  .13 .17   23  28  33
   7   83 57 69  40  53 16 35   77 75  9.4  30  285  0.00  .19 .22   15  20  25
   8   68 47 58  38  87 30 49   72 74  5.6  21  303  0.03  .11 .11    5   8  12
   9   61 41 51  41  96 30 71   67 73  4.7  15  263  0.14  .07 .07    1   4   7
  10   65 36 48  34  98 17 63   62 72  2.5  12  359  0.00  .10 .07    3   5   8
  11   71 33 50  32  95 16 57   61 70  2.0   7  361  0.00  .10 .08    5   7  10
  12   73 36 53  34  90 14 55   61 68  1.8   7  289  0.00  .08 .07    6   9  12
  13   77 39 56  37  88 16 54   63 67  1.6   5  315  0.00  .09 .07    8  10  14
  14   75 37 55  35  88 15 51   63 67  2.7   8  346  0.00  .11 .09    6  10  13
  15   78 38 57  33  79 15 44   63 67  2.5   8  348  0.00  .12 .09    8  11  14
  16   89 44 64  33  67 11 34   65 67  1.8   9  340  0.00  .13 .09   14  17  21
  17   89 53 69  33  60  9 28   67 67  2.9  15  322  0.00  .15 .12   16  21  26
  18   91 49 69  38  67 12 35   69 67  2.5   8  310  0.00  .13 .11   15  19  24
  19   88 48 66  43  77 16 46   69 68  2.2   7  319  0.00  .11 .10   14  18  23
  20   85 50 67  45  77 21 47   70 68  2.2   6  296  0.00  .11 .09   14  18  23
  21   83 51 65  46  81 27 53   70 69  2.5   7  273  0.00  .09 .09   12  17  22
  22   83 49 64  47  87 28 56   69 69  2.2   6  292  0.00  .09 .09   12  16  21
  23   79 47 61  43  90 26 54   68 69  4.0  14  306  0.00  .11 .11   10  14  18
  24   70 40 55  33  74 15 46   65 68  3.1  12  322  0.00  .11 .09    5   8  11
  25   73 35 52  26  81 13 41   62 67  2.2   8  322  0.00  .10 .07    5   8  11
  26   72 35 52  27  78 15 42   61 66  3.1   9  315  0.00  .11 .09    5   8  11
  27   63 36 48  26  72 20 43   60 65  3.4   9  309  0.00  .10 .08    2   4   7
  28   69 33 50  30  82 22 49   59 64  2.7   8  312  0.00  .09 .07    4   6   9
  29   73 34 53  28  80 16 42   59 64  3.4  12  315  0.00  .11 .09    5   8  11
  30   73 44 59  21  58 11 24   60 63  5.1  16  302  0.00  .15 .13    6  10  13
  --- --- -- --  -- --- -- ---  -- --  --  ---  ---  ----  --- ---  --- --- ----
  AVG  79 45 61  36  76 17 43   67 69  3.5  12  309
  TOT                                                0.17  3.7 3.4  310 417 538

  *****************************************************************************
  *                          ABBREVIATIONS AND UNITS                          *
  *                                                                           *
  *   AIR TEMP : AIR TEMPERATURE IN DEGREES F          MX : MAXIMUM FOR DAY   *
  *   DEW PT   : DEWPOINT IN DEGREES F                 MN : MINIMUM FOR DAY   *
  *   REL HUM  : RELATIVE HUMIDITY IN PERCENT          AV : AVERAGE FOR DAY   *
  *   SOL      : SOLAR RADIATION IN LANGLEYS          TOT : TOTAL FOR MONTH   *
  *   WIND : WIND SPEEDS IN MILES PER HOUR                                    *
  *   SOIL : SOIL TEMPERATURE AT 4 AND 20 INCHES, IN DEGREES F                *
  *   RAIN : RAINFALL IN INCHES                                               *
  *   ETo  : REFERENCE EVAPOTRANSPIRATION IN INCHES                           *
  *      AZ: AZMET ETo   STD: STANDARDIZED PENMAN-MONTEITH ETo                *
  *                                                                           *
  *     ## or 999 : MISSING DATA, ETo & HEAT UNIT TOTALS ARE PRORATED         *
  *            55 : TEMPERATURE LIMITS = 86/55  DEGREES F                     *
  *            50 : TEMPERATURE LIMITS = 86/50  DEGREES F                     *
  *            45 : TEMPERATURE LIMITS = 86/45  DEGREES F                     *
  *****************************************************************************


                 ARIZONA METEOROLOGICAL NETWORK MONTHLY SUMMARY

                                  Queen Creek
                                  December 2020 

       AIR TEMP DEW  REL HUM   SOIL T   WIND    SOL  RAIN  ETo ETo  HEAT UNITS
 Dec   MX MN AV  PT  MX MN AV    4 20  AV  MX              AZ  STD   55  50  45
 ---  --- -- -- ---  -- -- --  --- --  --  ---  ---  ----  --- ---  --- --- ---
   1   69 34 50  26  75 17 40   59 63  3.1   8  308  0.00  .10 .08    4   6   9
   2   68 37 53  17  67  7 28   58 63  5.8  20  310  0.00  .14 .13    4   6   9
   3   64 38 54  17  56 11 24   58 62  6.9  19  307  0.00  .15 .13    3   5   8
   4   65 30 48  17  76  9 32   56 62  3.4  12  307  0.00  .11 .09    2   4   7
   5   70 32 49  18  76 10 32   55 61  2.7   7  301  0.00  .10 .08    4   6   9
   6   73 33 50  21  74 10 35   56 60  2.7   6  303  0.00  .10 .08    5   8  11
   7   79 34 58  17  69  6 24   57 60  6.0  22  278  0.00  .16 .17    8  11  14
   8   80 42 62  18  61  6 21   59 60  5.6  20  279  0.00  .16 .16    9  13  16
   9   82 46 62  28  69 10 29   61 60  3.1  23  293  0.00  .13 .11   11  14  19
  10   60 47 53  50 100 52 91   60 61  3.4  16  104  0.36  .01 .03    1   4   8
  11   65 41 53  46 100 44 81   57 61  2.0   9  262  0.00  .06 .05    3   6   9
  12   67 38 51  40  99 27 69   57 60  4.3  13  289  0.00  .08 .07    4   6   9
  13   62 31 47  20  84 10 39   53 60  4.7  20  283  0.00  .10 .09    1   3   5
  14   61 34 46  25  85 16 46   52 59  4.5  17  248  0.00  .09 .09    1   3   6
  15   60 28 43  27  89 24 56   51 58  3.1  13  300  0.00  .08 .06    1   2   5
  16   62 28 44  25  84 16 52   51 57  2.2   9  298  0.00  .08 .06    2   3   6
  17   67 33 48  29  79 19 52   51 56  2.0   7  229  0.00  .06 .06    3   6   8
  18   63 31 46  28  87 22 53   52 56  3.1   9  290  0.00  .08 .07    2   4   6
  19   65 30 46  28  86 23 54   51 56  2.7   9  297  0.00  .08 .06    2   4   7
  20   67 30 47  28  85 20 51   51 56  2.5   7  298  0.00  .09 .07    3   5   8
  21   74 33 52  27  76 12 42   53 55  2.5   8  299  0.00  .10 .08    6   8  11
  22   74 36 51  24  69 10 38   53 56  2.9   9  261  0.00  .09 .09    6   9  12
  23   69 31 48  18  77  9 37   52 56  5.1  21  288  0.00  .12 .11    4   6   9
  24   60 32 46  11  68  6 26   50 55  4.3  18  163  0.00  .07 .09    1   3   5
  25   69 31 51  20  70 10 32   52 55  3.1  11  265  0.00  .10 .09    4   6   9
  26   73 32 50  23  79 14 38   53 55  2.0   9  296  0.00  .09 .07    5   8  11
  27   74 34 53  30  69 18 42   54 55  2.5   9  283  0.00  .10 .08    6   9  12
  28   69 48 58  35  80 24 43   58 56  6.0  24  272  0.00  .13 .12    5   9  14
  29   59 37 48  37  99 36 68   56 56  2.7  13  261  0.00  .06 .05    1   3   5
  30   62 31 45  24  88 16 49   52 56  4.5  19  302  0.00  .11 .09    2   3   6
  31   61 29 45  22  76 17 43   50 55  3.1  13  209  0.00  .06 .07    1   3   5
  --- --- -- --  -- --- -- ---  -- --  --  ---  ---  ----  --- ---  --- --- ----
  AVG  68 35 50  26  79 17 44   54 58  3.6  14  274
  TOT                                                0.36  3.0 2.7  114 187 277

  *****************************************************************************
  *                          ABBREVIATIONS AND UNITS                          *
  *                                                                           *
  *   AIR TEMP : AIR TEMPERATURE IN DEGREES F          MX : MAXIMUM FOR DAY   *
  *   DEW PT   : DEWPOINT IN DEGREES F                 MN : MINIMUM FOR DAY   *
  *   REL HUM  : RELATIVE HUMIDITY IN PERCENT          AV : AVERAGE FOR DAY   *
  *   SOL      : SOLAR RADIATION IN LANGLEYS          TOT : TOTAL FOR MONTH   *
  *   WIND : WIND SPEEDS IN MILES PER HOUR                                    *
  *   SOIL : SOIL TEMPERATURE AT 4 AND 20 INCHES, IN DEGREES F                *
  *   RAIN : RAINFALL IN INCHES                                               *
  *   ETo  : REFERENCE EVAPOTRANSPIRATION IN INCHES                           *
  *      AZ: AZMET ETo   STD: STANDARDIZED PENMAN-MONTEITH ETo                *
  *                                                                           *
  *     ## or 999 : MISSING DATA, ETo & HEAT UNIT TOTALS ARE PRORATED         *
  *            55 : TEMPERATURE LIMITS = 86/55  DEGREES F                     *
  *            50 : TEMPERATURE LIMITS = 86/50  DEGREES F                     *
  *            45 : TEMPERATURE LIMITS = 86/45  DEGREES F                     *
  *****************************************************************************

