
                 ARIZONA METEOROLOGICAL NETWORK MONTHLY SUMMARY

                                  Queen Creek
                                  January 2021 

       AIR TEMP DEW  REL HUM   SOIL T   WIND    SOL  RAIN  ETo ETo  HEAT UNITS
 Jan   MX MN AV  PT  MX MN AV    4 20  AV  MX              AZ  STD   55  50  45
 ---  --- -- -- ---  -- -- --  --- --  --  ---  ---  ----  --- ---  --- --- ---
   1   64 31 46  23  76 16 43   52 55  2.5   8  297  0.00  .09 .07    2   4   7
   2   64 27 44  23  80 19 47   51 54  2.9   9  280  0.00  .08 .07    2   4   6
   3   64 29 45  24  80 20 46   51 54  2.5   8  277  0.00  .08 .06    2   4   6
   4   70 31 48  25  75 17 43   51 54  2.9  13  300  0.00  .10 .08    4   7   9
   5   68 32 49  27  79 21 45   53 54  2.9  11  304  0.00  .10 .08    3   6   8
   6   70 32 49  25  74 14 42   53 54  2.5   6  299  0.00  .09 .07    4   7   9
   7   71 33 49  23  69 11 37   53 54  2.7   7  295  0.00  .09 .08    5   7  10
   8   69 33 49  23  66 10 37   53 54  2.5   8  277  0.00  .09 .07    4   6   9
   9   64 29 47  21  77 18 38   52 54  4.3  17  309  0.00  .11 .09    2   4   6
  10   65 29 47  22  73 17 40   52 54  2.9   9  311  0.00  .10 .07    2   4   7
  11   66 34 53  22  69 16 30   53 54  5.8  18  311  0.00  .13 .12    3   5   8
  12   66 32 48  21  67 14 35   53 54  3.4  10  320  0.00  .11 .09    3   5   8
  13   67 29 46  18  67 12 35   51 54  2.5   9  304  0.00  .09 .07    3   5   7
  14   70 31 49  22  63 14 36   53 54  2.9   9  305  0.00  .10 .09    4   6   9
  15   77 34 54  25  67  7 36   54 54  4.5  14  327  0.00  .14 .13    7  10  13
  16   76 36 53  22  69 10 32   55 54  2.7   9  309  0.00  .11 .09    7   9  13
  17   77 35 55  23  63  8 31   55 54  2.5   8  333  0.00  .12 .09    7  10  13
  18   73 32 52  21  65  9 31   54 55  2.7   8  295  0.00  .11 .09    5   8  11
  19   71 51 62  35  86 19 40   58 55  8.3  27  223  0.04  .13 .15    7  11  16
  20   73 49 63  35  68 23 37   61 56  7.4  23  300  0.00  .15 .15    7  11  16
  21   71 45 57  46  94 43 70   59 56  3.8  15  232  0.02  .07 .08    6   9  13
  22   69 44 55  45  98 37 72   60 57  5.1  16  289  0.00  .09 .09    5   8  11
  23   65 43 54  42  90 37 65   59 57  5.8  20  297  0.00  .10 .09    3   6   9
  24   54 40 47  42 100 57 84   56 57  5.6  24  205  0.24  .04 .05    0   1   3
  25   51 37 43  40  98 66 90   51 56  7.6  34  102  0.47  .01 .04    0   0   2
  26   52 34 42  34  98 38 76   48 55  5.8  24  236  0.01  .06 .06    0   0   2
  27   61 34 48  31  89 26 55   49 54  4.9  15  355  0.00  .11 .09    1   3   6
  28   72 40 55  33  85 17 49   53 53  4.3  19  312  0.00  .12 .11    6   9  12
  29   67 41 53  40 100 27 64   55 54  6.0  22  231  0.23  .09 .10    4   6  10
  30   63 36 48  41 100 42 78   53 54  1.8   9  369  0.01  .09 .06    2   4   7
  31   73 33 53  38 100 22 62   53 54  2.7   9  352  0.00  .11 .09    5   8  11
  --- --- -- --  -- --- -- ---  -- --  --  ---  ---  ----  --- ---  --- --- ----
  AVG  67 35 51  29  80 23 49   54 55  4.0  14  289
  TOT                                                1.02  3.0 2.7  115 187 278

  *****************************************************************************
  *                          ABBREVIATIONS AND UNITS                          *
  *                                                                           *
  *   AIR TEMP : AIR TEMPERATURE IN DEGREES F          MX : MAXIMUM FOR DAY   *
  *   DEW PT   : DEWPOINT IN DEGREES F                 MN : MINIMUM FOR DAY   *
  *   REL HUM  : RELATIVE HUMIDITY IN PERCENT          AV : AVERAGE FOR DAY   *
  *   SOL      : SOLAR RADIATION IN LANGLEYS          TOT : TOTAL FOR MONTH   *
  *   WIND : WIND SPEEDS IN MILES PER HOUR                                    *
  *   SOIL : SOIL TEMPERATURE AT 4 AND 20 INCHES, IN DEGREES F                *
  *   RAIN : RAINFALL IN INCHES                                               *
  *   ETo  : REFERENCE EVAPOTRANSPIRATION IN INCHES                           *
  *      AZ: AZMET ETo   STD: STANDARDIZED PENMAN-MONTEITH ETo                *
  *                                                                           *
  *     ## or 999 : MISSING DATA, ETo & HEAT UNIT TOTALS ARE PRORATED         *
  *            55 : TEMPERATURE LIMITS = 86/55  DEGREES F                     *
  *            50 : TEMPERATURE LIMITS = 86/50  DEGREES F                     *
  *            45 : TEMPERATURE LIMITS = 86/45  DEGREES F                     *
  *****************************************************************************


                 ARIZONA METEOROLOGICAL NETWORK MONTHLY SUMMARY

                                  Queen Creek
                                  February 2021 

       AIR TEMP DEW  REL HUM   SOIL T   WIND    SOL  RAIN  ETo ETo  HEAT UNITS
 Feb   MX MN AV  PT  MX MN AV    4 20  AV  MX              AZ  STD   55  50  45
 ---  --- -- -- ---  -- -- --  --- --  --  ---  ---  ----  --- ---  --- --- ---
   1   73 50 60  38  81 19 45   56 54  2.9  15  175  0.00  .06 .09    7  11  16
   2   81 50 64  46  86 22 55   61 55  2.2   6  339  0.00  .12 .10   12  16  21
   3   80 54 65  47  87 29 56   64 56  3.4  12  296  0.00  .11 .11   12  17  22
   4   72 46 60  37  81 19 45   63 58  4.7  15  380  0.00  .15 .12    6  10  14
   5   70 34 52  31  89 18 48   58 58  2.9   9  388  0.00  .12 .09    4   7  10
   6   69 34 51  31  85 18 52   57 57  2.9  11  397  0.00  .13 .09    4   6   9
   7   72 33 53  31  84 16 47   57 57  2.7   8  395  0.00  .13 .10    5   8  11
   8   76 33 54  30  86 12 46   58 57  2.5   6  403  0.00  .13 .10    7   9  12
   9   75 34 55  31  81 12 46   57 57  2.7   9  308  0.00  .10 .10    6   9  12
  10   74 42 58  34  77 15 42   60 57  2.7   9  353  0.00  .12 .10    7  10  14
  11   76 35 55  34  84 17 48   59 57  3.1   7  407  0.00  .14 .11    7  10  13
  12   73 42 56  38  80 19 53   60 58  5.1  19  355  0.00  .13 .13    6   9  13
  13   68 38 55  38  92 30 57   58 58  8.5  28  300  0.00  .13 .13    4   7  10
  14   64 40 52  32  78 25 49   59 58  3.8  13  409  0.00  .13 .10    2   5   8
  15   65 31 48  24  83 16 43   57 58  4.3  13  388  0.00  .13 .11    2   5   7
  16   67 37 54  28  73 19 38   58 57  6.5  22  374  0.00  .16 .14    3   6   9
  17   64 33 50  20  67 11 32   57 57  7.4  24  435  0.00  .19 .15    2   4   7
  18   64 33 49  19  61 12 34   56 57  3.4  14  447  0.00  .15 .11    2   4   7
  19   71 34 53  20  67  9 31   57 57  3.1  15  442  0.00  .15 .12    5   7  10
  20   79 36 56  22  68  8 31   58 57  7.6  29  450  0.00  .22 .22    8  11  14
  21   68 38 53  21  58  8 32   59 57  4.0  14  456  0.00  .17 .13    4   7  10
  22   76 33 54  20  72  7 30   58 57  3.4  12  463  0.00  .17 .14    7   9  12
  23   79 36 57  24  74  8 34   60 57  3.6  10  456  0.00  .17 .15    8  11  15
  24   79 36 57  25  75  8 34   61 58  3.8  12  463  0.00  .18 .15    8  11  14
  25   67 38 53  22  66  9 33   60 58  5.1  18  468  0.00  .18 .15    3   6   9
  26   70 30 51  20  77 10 33   58 58  3.1  12  478  0.00  .16 .12    4   6   9
  27   71 32 52  21  73  8 34   58 58  4.7  16  477  0.00  .19 .15    5   7  10
  28   62 36 49  13  57  8 26   57 58  8.1  25  471  0.00  .20 .17    2   4   6
  --- --- -- --  -- --- -- ---  -- --  --  ---  ---  ----  --- ---  --- --- ----
  AVG  72 37 54  28  76 15 41   59 57  4.2  14  399
  TOT                                                0.00  4.1 3.5  153 231 323

  *****************************************************************************
  *                          ABBREVIATIONS AND UNITS                          *
  *                                                                           *
  *   AIR TEMP : AIR TEMPERATURE IN DEGREES F          MX : MAXIMUM FOR DAY   *
  *   DEW PT   : DEWPOINT IN DEGREES F                 MN : MINIMUM FOR DAY   *
  *   REL HUM  : RELATIVE HUMIDITY IN PERCENT          AV : AVERAGE FOR DAY   *
  *   SOL      : SOLAR RADIATION IN LANGLEYS          TOT : TOTAL FOR MONTH   *
  *   WIND : WIND SPEEDS IN MILES PER HOUR                                    *
  *   SOIL : SOIL TEMPERATURE AT 4 AND 20 INCHES, IN DEGREES F                *
  *   RAIN : RAINFALL IN INCHES                                               *
  *   ETo  : REFERENCE EVAPOTRANSPIRATION IN INCHES                           *
  *      AZ: AZMET ETo   STD: STANDARDIZED PENMAN-MONTEITH ETo                *
  *                                                                           *
  *     ## or 999 : MISSING DATA, ETo & HEAT UNIT TOTALS ARE PRORATED         *
  *            55 : TEMPERATURE LIMITS = 86/55  DEGREES F                     *
  *            50 : TEMPERATURE LIMITS = 86/50  DEGREES F                     *
  *            45 : TEMPERATURE LIMITS = 86/45  DEGREES F                     *
  *****************************************************************************


                 ARIZONA METEOROLOGICAL NETWORK MONTHLY SUMMARY

                                  Queen Creek
                                   March 2021 

       AIR TEMP DEW  REL HUM   SOIL T   WIND    SOL  RAIN  ETo ETo  HEAT UNITS
 Mar   MX MN AV  PT  MX MN AV    4 20  AV  MX              AZ  STD   55  50  45
 ---  --- -- -- ---  -- -- --  --- --  --  ---  ---  ----  --- ---  --- --- ---
   1   70 33 52  14  56  7 24   56 57  3.8  15  490  0.00  .18 .14    4   7  10
   2   77 40 62  19  49  5 20   61 57  6.0  20  490  0.00  .24 .20    8  11  14
   3   84 37 61  27  62  5 32   61 58  9.8  38  466  0.00  .27 .27   11  14  17
   4   69 43 56  39  85 30 56   63 58  4.0  13  468  0.00  .15 .13    5   8  11
   5   82 39 61  33  82 13 41   64 59  2.7  12  498  0.00  .18 .15   10  13  16
   6   85 56 71  28  41  9 21   67 60  8.5  24  501  0.00  .28 .28   16  21  26
   7   86 43 67  34  70  7 33   67 61  3.4  15  448  0.00  .19 .17   12  16  20
   8   83 52 67  32  70  8 30   69 62  5.1  19  426  0.00  .21 .19   13  17  22
   9   78 51 63  32  62 15 33   67 62  8.5  26  434  0.00  .23 .22   10  14  19
  10   67 39 54  27  63 14 37   64 62  4.3  21  514  0.00  .19 .14    3   6   9
  11   68 37 53  31  74 19 46   63 62  5.4  19  482  0.00  .17 .15    4   6   9
  12   61 44 50  40  97 30 72   62 62  4.3  19  380  0.11  .10 .10    2   4   8
  13   59 40 48  39  98 36 73   59 61  6.5  20  356  0.17  .09 .10    1   3   6
  14   65 33 50  38 100 33 68   59 60  3.8  16  522  0.00  .15 .11    3   5   7
  15   72 39 55  34  91 14 51   60 60  5.4  16  364  0.00  .13 .15    6   8  12
  16   58 39 50  29  71 25 45   60 60  6.3  18  421  0.00  .14 .13    1   2   5
  17   73 35 53  31  80 18 48   61 59  2.2   9  536  0.00  .17 .13    6   8  11
  18   81 36 60  34  85 10 42   64 60  2.5   8  542  0.00  .19 .15    9  12  15
  19   84 39 62  32  76  9 37   67 60  2.9   8  549  0.00  .20 .17   11  14  17
  20   84 42 64  36  68 13 39   68 61  4.3  19  545  0.00  .22 .19   11  14  18
  21   77 50 62  30  67  6 34   69 62  5.4  17  564  0.00  .24 .20   10  14  18
  22   68 42 56  22  51 10 28   66 63  6.3  17  568  0.00  .23 .19    4   7  11
  23   68 39 53  29  86 14 43   62 63  6.3  22  284  0.00  .12 .15    4   7  10
  24   68 41 54  37  90 23 56   65 62  3.4  15  543  0.00  .17 .14    4   7  10
  25   71 40 57  25  77 11 34   63 62 10.5  27  375  0.00  .21 .22    5   8  11
  26   64 41 54  36  78 31 52   63 62  4.9  18  344  0.00  .11 .12    3   5   8
  27   76 38 57  35  82 20 48   64 61  3.6  18  577  0.00  .21 .17    7  10  13
  28   87 44 66  28  69  6 29   68 62  2.7  23  592  0.00  .24 .19   13  16  20
  29   88 53 71  28  41  9 22   71 63  4.0  14  513  0.00  .24 .21   15  20  25
  30   85 48 68  24  58  7 22   71 64  5.1  15  599  0.00  .28 .24   13  16  21
  31   89 46 70  18  63  5 16   72 64  4.5  16  603  0.00  .28 .24   14  18  22
  --- --- -- --  -- --- -- ---  -- --  --  ---  ---  ----  --- ---  --- --- ----
  AVG  75 42 59  30  72 15 40   64 61  5.0  18  484
  TOT                                                0.28  6.0 5.3  234 330 446

  *****************************************************************************
  *                          ABBREVIATIONS AND UNITS                          *
  *                                                                           *
  *   AIR TEMP : AIR TEMPERATURE IN DEGREES F          MX : MAXIMUM FOR DAY   *
  *   DEW PT   : DEWPOINT IN DEGREES F                 MN : MINIMUM FOR DAY   *
  *   REL HUM  : RELATIVE HUMIDITY IN PERCENT          AV : AVERAGE FOR DAY   *
  *   SOL      : SOLAR RADIATION IN LANGLEYS          TOT : TOTAL FOR MONTH   *
  *   WIND : WIND SPEEDS IN MILES PER HOUR                                    *
  *   SOIL : SOIL TEMPERATURE AT 4 AND 20 INCHES, IN DEGREES F                *
  *   RAIN : RAINFALL IN INCHES                                               *
  *   ETo  : REFERENCE EVAPOTRANSPIRATION IN INCHES                           *
  *      AZ: AZMET ETo   STD: STANDARDIZED PENMAN-MONTEITH ETo                *
  *                                                                           *
  *     ## or 999 : MISSING DATA, ETo & HEAT UNIT TOTALS ARE PRORATED         *
  *            55 : TEMPERATURE LIMITS = 86/55  DEGREES F                     *
  *            50 : TEMPERATURE LIMITS = 86/50  DEGREES F                     *
  *            45 : TEMPERATURE LIMITS = 86/45  DEGREES F                     *
  *****************************************************************************


                 ARIZONA METEOROLOGICAL NETWORK MONTHLY SUMMARY

                                  Queen Creek
                                   April 2021 

       AIR TEMP DEW  REL HUM   SOIL T   WIND    SOL  RAIN  ETo ETo  HEAT UNITS
 Apr   MX MN AV  PT  MX MN AV    4 20  AV  MX              AZ  STD   55  50  45
 ---  --- -- -- ---  -- -- --  --- --  --  ---  ---  ----  --- ---  --- --- ---
   1   93 60 79  22  31  7 12   74 65  9.4  22  578  0.00  .37 .36   20  25  30
   2   91 59 76  35  56  8 24   78 66  4.5  16  576  0.00  .28 .24   19  24  29
   3   96 52 75  35  65  9 27   78 67  2.9   9  597  0.00  .26 .22   17  22  27
   4   96 52 76  35  67  8 27   79 69  3.8  13  601  0.00  .28 .24   17  22  27
   5   92 52 75  31  65  6 23   78 69  6.3  24  560  0.00  .29 .28   16  21  26
   6   88 60 75  30  42  9 20   80 70  6.3  21  577  0.00  .30 .27   18  23  28
   7   89 47 71  21  53  4 18   77 71  3.6  15  630  0.00  .28 .23   14  18  23
   8   88 51 73  34  51 10 25   78 71  5.8  20  587  0.00  .28 .26   15  19  24
   9   90 51 73  31  65  5 24   80 71  3.8  18  634  0.00  .28 .24   16  20  25
  10   91 46 71  29  57  6 23   78 71  4.9  21  619  0.00  .29 .26   14  18  22
  11   92 49 73  31  53  7 23   79 72  3.8  15  602  0.00  .27 .24   16  19  24
  12   90 55 74  37  62 11 28   81 72  4.3  16  623  0.00  .28 .24   17  22  27
  13   88 52 73  37  68 11 32   80 73  6.5  23  617  0.00  .30 .27   15  20  25
  14   85 51 71  33  62 10 27   80 73  5.6  20  588  0.00  .28 .25   14  18  23
  15   78 51 66  31  55 12 29   77 73  5.1  19  570  0.00  .25 .22   10  14  19
  16   82 44 65  27  72  8 26   75 72  2.9  13  475  0.00  .19 .17   11  14  18
  17   83 41 65  29  69  8 29   76 71  4.0  15  653  0.00  .27 .22   10  14  17
  18   82 52 68  35  69 14 31   76 71  6.3  27  568  0.00  .27 .24   12  17  22
  19   85 52 71  37  69 12 31   78 71  3.8  13  654  0.00  .27 .22   14  18  23
  20   91 44 71  30  65  6 25   78 72  4.7  15  667  0.00  .30 .26   14  18  22
  21   89 57 74  20  32  4 14   78 72 11.9  31  654  0.00  .42 .39   17  22  27
  22   81 51 67  34  53 13 30   78 72  5.1  16  659  0.00  .28 .24   12  16  21
  23   81 51 67  40  65 19 38   78 72  4.9  18  650  0.00  .26 .23   12  16  21
  24   89 50 72  37  63 11 31   80 73  4.3  28  660  0.00  .29 .25   15  19  24
  25   92 50 74  30  59  7 22   80 73  6.0  20  675  0.00  .33 .30   16  20  25
  26   76 53 66  35  56 16 32   77 73  6.0  18  385  0.00  .18 .20   10  15  20
  27   73 51 61  39  92 16 48   76 73  3.8  14  507  0.01  .17 .17    8  12  17
  28   76 46 60  41  80 23 51   74 72  4.3  21  454  0.00  .17 .17    8  12  16
  29   91 46 71  41  87 13 41   77 71  3.6  15  675  0.00  .28 .24   15  18  23
  30   96 55 77  39  60 10 30   81 72  5.8  22  678  0.00  .33 .31   18  23  28
  --- --- -- --  -- --- -- ---  -- --  --  ---  ---  ----  --- ---  --- --- ----
  AVG  87 51 71  33  61 10 28   78 71  5.1  19  599
  TOT                                                0.01  8.3 7.4  431 562 706

  *****************************************************************************
  *                          ABBREVIATIONS AND UNITS                          *
  *                                                                           *
  *   AIR TEMP : AIR TEMPERATURE IN DEGREES F          MX : MAXIMUM FOR DAY   *
  *   DEW PT   : DEWPOINT IN DEGREES F                 MN : MINIMUM FOR DAY   *
  *   REL HUM  : RELATIVE HUMIDITY IN PERCENT          AV : AVERAGE FOR DAY   *
  *   SOL      : SOLAR RADIATION IN LANGLEYS          TOT : TOTAL FOR MONTH   *
  *   WIND : WIND SPEEDS IN MILES PER HOUR                                    *
  *   SOIL : SOIL TEMPERATURE AT 4 AND 20 INCHES, IN DEGREES F                *
  *   RAIN : RAINFALL IN INCHES                                               *
  *   ETo  : REFERENCE EVAPOTRANSPIRATION IN INCHES                           *
  *      AZ: AZMET ETo   STD: STANDARDIZED PENMAN-MONTEITH ETo                *
  *                                                                           *
  *     ## or 999 : MISSING DATA, ETo & HEAT UNIT TOTALS ARE PRORATED         *
  *            55 : TEMPERATURE LIMITS = 86/55  DEGREES F                     *
  *            50 : TEMPERATURE LIMITS = 86/50  DEGREES F                     *
  *            45 : TEMPERATURE LIMITS = 86/45  DEGREES F                     *
  *****************************************************************************


                 ARIZONA METEOROLOGICAL NETWORK MONTHLY SUMMARY

                                  Queen Creek
                                    May 2021 

       AIR TEMP DEW  REL HUM   SOIL T   WIND    SOL  RAIN  ETo ETo  HEAT UNITS
 May   MX MN AV  PT  MX MN AV    4 20  AV  MX              AZ  STD   55  50  45
 ---  --- -- -- ---  -- -- --  --- --  --  ---  ---  ----  --- ---  --- --- ---
   1   97 58 79  37  59  9 25   82 73  5.1  17  576  0.00  .29 .29   20  25  30
   2   93 57 77  29  47  5 21   83 74  8.7  34  695  0.00  .39 .37   19  24  29
   3   86 56 72  37  58 13 29   82 74  6.0  20  676  0.00  .31 .28   16  21  26
   4   94 51 76  33  68  8 25   83 75  3.8  13  691  0.00  .31 .26   17  21  26
   5   98 54 78  33  58  8 23   85 75  3.8  12  679  0.00  .31 .27   18  23  28
   6  100 57 81  37  56  8 23   87 76  4.9  19  690  0.00  .33 .31   20  25  30
   7   97 61 80  33  53  4 22   87 77  4.9  20  704  0.00  .34 .30   22  27  32
   8   91 55 76  37  65 11 27   86 77  4.5  16  693  0.00  .31 .27   17  22  27
   9   93 56 77  36  65  9 27   86 78  5.6  19  696  0.00  .34 .30   18  23  28
  10   94 53 75  31  59  5 24   85 78  5.6  28  707  0.00  .34 .31   17  22  27
  11   94 55 76  29  55  4 21   86 78  3.4  17  716  0.00  .31 .26   18  23  28
  12   99 58 78  32  42  8 20   87 78  3.1  12  712  0.00  .31 .27   20  25  30
  13  101 55 80  37  55  4 23   88 78  3.8  14  716  0.00  .33 .29   19  24  29
  14   99 59 80  37  59  6 25   89 79  4.7  17  711  0.00  .34 .31   21  26  31
  15   95 63 82  36  58  8 21   89 80  6.7  22  712  0.00  .37 .34   22  27  32
  16   92 54 74  37  58 11 28   87 80  6.0  22  712  0.00  .33 .31   17  22  27
  17   85 56 72  40  59 16 32   86 80  4.5  16  687  0.00  .29 .25   16  21  26
  18   90 57 76  46  62 18 36   87 80  4.9  18  697  0.00  .31 .27   18  23  28
  19   96 62 81  46  61 14 31   89 80  5.4  20  700  0.00  .33 .31   22  27  32
  20   96 61 81  41  57  9 27   89 80  7.2  23  676  0.00  .35 .34   21  26  31
  21   85 60 74  37  71  7 28   89 81  5.4  19  673  0.00  .31 .27   17  22  27
  22   79 47 66  28  58  9 26   84 81  5.6  27  723  0.00  .31 .26   10  13  18
  23   87 48 69  23  44  4 19   83 80  2.9  12  748  0.00  .30 .24   14  18  23
  24   91 49 73  27  56  4 20   85 79  2.9   9  742  0.00  .31 .25   15  19  24
  25   98 50 77  32  63  4 24   87 79  3.4  13  707  0.00  .31 .28   17  22  27
  26   94 63 79  35  51  6 22   88 80  3.6  11  573  0.00  .27 .25   22  27  32
  27   98 57 79  34  52  7 21   88 80  3.1  10  731  0.00  .32 .27   20  25  30
  28  100 56 81  32  57  6 19   90 80  3.8  14  736  0.00  .35 .30   20  24  29
  29  101 57 83  31  58  5 19   91 81  4.7  19  736  0.00  .36 .32   20  25  30
  30   99 60 82  36  44  9 21   91 82  4.3  13  720  0.00  .34 .30   21  26  31
  31   99 61 84  39  62 10 23   92 82  4.3  14  715  0.00  .34 .30   22  27  32
  --- --- -- --  -- --- -- ---  -- --  --  ---  ---  ----  --- ---  --- --- ----
  AVG  94 56 77  35  57  8 24   87 79  4.7  17  698
  TOT                                                0.00 10.1 8.9  574 724 878

  *****************************************************************************
  *                          ABBREVIATIONS AND UNITS                          *
  *                                                                           *
  *   AIR TEMP : AIR TEMPERATURE IN DEGREES F          MX : MAXIMUM FOR DAY   *
  *   DEW PT   : DEWPOINT IN DEGREES F                 MN : MINIMUM FOR DAY   *
  *   REL HUM  : RELATIVE HUMIDITY IN PERCENT          AV : AVERAGE FOR DAY   *
  *   SOL      : SOLAR RADIATION IN LANGLEYS          TOT : TOTAL FOR MONTH   *
  *   WIND : WIND SPEEDS IN MILES PER HOUR                                    *
  *   SOIL : SOIL TEMPERATURE AT 4 AND 20 INCHES, IN DEGREES F                *
  *   RAIN : RAINFALL IN INCHES                                               *
  *   ETo  : REFERENCE EVAPOTRANSPIRATION IN INCHES                           *
  *      AZ: AZMET ETo   STD: STANDARDIZED PENMAN-MONTEITH ETo                *
  *                                                                           *
  *     ## or 999 : MISSING DATA, ETo & HEAT UNIT TOTALS ARE PRORATED         *
  *            55 : TEMPERATURE LIMITS = 86/55  DEGREES F                     *
  *            50 : TEMPERATURE LIMITS = 86/50  DEGREES F                     *
  *            45 : TEMPERATURE LIMITS = 86/45  DEGREES F                     *
  *****************************************************************************


                 ARIZONA METEOROLOGICAL NETWORK MONTHLY SUMMARY

                                  Queen Creek
                                   June 2021 

       AIR TEMP DEW  REL HUM   SOIL T   WIND    SOL  RAIN  ETo ETo  HEAT UNITS
 Jun   MX MN AV  PT  MX MN AV    4 20  AV  MX              AZ  STD   55  50  45
 ---  --- -- -- ---  -- -- --  --- --  --  ---  ---  ----  --- ---  --- --- ---
   1  101 66 85  42  53  9 24   93 83  4.0  14  707  0.00  .34 .30   24  29  34
   2  103 67 87  40  48  9 21   94 83  4.7  17  641  0.00  .32 .31   25  30  35
   3  103 64 87  40  55  8 22   94 84  5.8  17  712  0.00  .37 .35   24  29  34
   4  104 70 88  36  42  7 17   95 84  5.1  19  680  0.00  .35 .34   26  31  36
   5  103 68 88  37  43  7 18   95 85  6.9  23  705  0.00  .40 .38   25  30  35
   6  102 68 87  35  56  8 17   95 85  6.0  24  714  0.00  .39 .36   25  30  35
   7  100 62 84  31  41  5 17   93 85  5.8  21  636  0.00  .34 .34   22  27  32
   8   98 59 82  35  59  6 20   93 85  3.6  17  726  0.00  .33 .29   21  26  31
   9  102 64 84  40  48  7 23   94 85  3.4  14  712  0.00  .33 .29   23  28  33
  10   98 66 82  43  44 11 26   94 85  4.0   9  643  0.00  .30 .28   24  29  34
  11  102 62 84  36  58  5 20   94 85  3.4  14  748  0.00  .35 .30   22  27  32
  12  106 59 86  38  55  4 20   95 85  3.1  10  749  0.00  .35 .30   22  27  32
  13  105 64 88  45  48  8 23   96 86  3.8  13  720  0.00  .35 .31   24  29  34
  14  105 66 89  47  58 10 25   96 86  3.4  14  579  0.00  .28 .27   25  30  35
  15  114 73 95  52  50  8 24   98 87  3.8  20  645  0.00  .33 .32   28  33  38
  16  109 74 94  56  57 12 29  101 87  4.5  18  649  0.00  .33 .32   28  33  38
  17  116 75 96  55  60  8 27  102 88  3.8  11  675  0.00  .34 .33   28  33  38
  18  115 77 95  54  52  7 27  102 89  4.3  13  691  0.00  .35 .34   29  34  39
  19  110 78 94  57  52 12 30  103 90  4.7  13  684  0.00  .35 .34   29  34  39
  20  105 74 92  58  61 15 34  102 90  6.3  16  693  0.00  .37 .36   28  33  38
  21  102 79 90  60  60 17 37  102 91  4.7  14  699  0.00  .33 .32   29  34  39
  22  100 76 89  55  62 20 34   98 91  5.8  22  427  0.00  .24 .28   28  33  38
  23   91 77 83  64  78 27 54   95 90  4.7  19  361  0.00  .16 .20   28  33  38
  24  100 69 87  61  80 25 45   97 89  3.6  16  676  0.00  .30 .28   25  30  35
  25  104 74 90  54  64 15 32  100 89  4.0  18  711  0.00  .35 .31   28  33  38
  26  107 72 91  45  51  9 23   99 89  4.3  15  702  0.00  .35 .32   27  32  37
  27  111 71 93  46  53 10 23  100 90  4.0  19  651  0.00  .34 .32   27  32  37
  28  106 83 95  51  42 12 24  102 90  9.8  22  708  0.00  .44 .46   30  36  41
  29  103 78 92  54  48 18 29  102 91  7.8  21  669  0.00  .37 .39   29  34  39
  30  105 77 90  59  63 19 37  102 91  8.3  36  683  0.00  .38 .39   29  34  39
  --- --- -- --  -- --- -- ---  -- --  --  ---  ---  ----  --- ---  --- --- ----
  AVG 104 70 89  48  55 11 27   97 87  4.9  17  667
  TOT                                                0.00 10.1 9.7  782 931 1081

  *****************************************************************************
  *                          ABBREVIATIONS AND UNITS                          *
  *                                                                           *
  *   AIR TEMP : AIR TEMPERATURE IN DEGREES F          MX : MAXIMUM FOR DAY   *
  *   DEW PT   : DEWPOINT IN DEGREES F                 MN : MINIMUM FOR DAY   *
  *   REL HUM  : RELATIVE HUMIDITY IN PERCENT          AV : AVERAGE FOR DAY   *
  *   SOL      : SOLAR RADIATION IN LANGLEYS          TOT : TOTAL FOR MONTH   *
  *   WIND : WIND SPEEDS IN MILES PER HOUR                                    *
  *   SOIL : SOIL TEMPERATURE AT 4 AND 20 INCHES, IN DEGREES F                *
  *   RAIN : RAINFALL IN INCHES                                               *
  *   ETo  : REFERENCE EVAPOTRANSPIRATION IN INCHES                           *
  *      AZ: AZMET ETo   STD: STANDARDIZED PENMAN-MONTEITH ETo                *
  *                                                                           *
  *     ## or 999 : MISSING DATA, ETo & HEAT UNIT TOTALS ARE PRORATED         *
  *            55 : TEMPERATURE LIMITS = 86/55  DEGREES F                     *
  *            50 : TEMPERATURE LIMITS = 86/50  DEGREES F                     *
  *            45 : TEMPERATURE LIMITS = 86/45  DEGREES F                     *
  *****************************************************************************


                 ARIZONA METEOROLOGICAL NETWORK MONTHLY SUMMARY

                                  Queen Creek
                                   July 2021 

       AIR TEMP DEW  REL HUM   SOIL T   WIND    SOL  RAIN  ETo ETo  HEAT UNITS
 Jul   MX MN AV  PT  MX MN AV    4 20  AV  MX              AZ  STD   55  50  45
 ---  --- -- -- ---  -- -- --  --- --  --  ---  ---  ----  --- ---  --- --- ---
   1  107 76 92  59  67 16 37  102 91  3.4  16  665  0.00  .31 .30   29  34  39
   2  102 80 90  66  73 25 47  102 92  5.8  20  475  0.00  .24 .28   30  35  40
   3  105 77 88  67  92 24 53  101 92  6.3  26  535  0.03  .26 .30   29  34  39
   4   99 76 87  70  91 32 60   99 91  4.0  15  591  0.00  .25 .25   28  33  38
   5  103 79 90  66  75 24 48  100 91  4.5  15  523  0.00  .25 .27   29  34  39
   6  106 77 93  58  73 12 36  102 91  4.9  18  700  0.00  .35 .33   29  34  39
   7  108 74 93  60  67 14 35  103 92  4.3  20  683  0.00  .33 .32   28  33  38
   8  109 82 95  65  68 18 40  105 92  4.7  30  670  0.00  .33 .33   30  35  40
   9  109 69 94  69 100 24 47  106 93  5.4  59  667  0.77  .33 .32   26  31  36
  10  106 74 90  73  99 27 62  102 93  6.3  50  683  0.63  .31 .32   28  33  38
  11  102 76 89  70  93 28 56   98 93  3.8  14  637  0.00  .28 .28   28  33  38
  12  104 79 91  68  76 25 49  101 92  4.3  22  640  0.00  .29 .29   29  34  39
  13  107 78 91  68  83 24 50  102 92  3.1  17  596  0.00  .26 .27   29  34  39
  14   89 74 81  72  97 45 74   94 92  4.7  27  279  0.18  .11 .14   26  31  36
  15   99 76 85  72  98 34 68   94 91  4.5  17  538  0.00  .23 .24   28  33  38
  16   96 75 83  71  91 39 69   92 90  4.5  26  405  0.30  .16 .19   27  32  37
  17  101 75 87  69  91 27 60   93 89  1.6   7  557  0.00  .22 .21   28  33  38
  18   96 77 86  72  91 38 64   94 89  3.6  15  476  0.00  .19 .21   28  33  38
  19  104 78 90  68  85 24 52   98 89  4.0  16  599  0.00  .27 .28   29  34  39
  20  105 80 91  71  79 28 53  100 90  3.6  14  526  0.00  .24 .25   30  35  40
  21  106 80 91  69  77 21 51   99 90  4.5  22  467  0.00  .22 .26   30  35  40
  22  104 72 89  69  98 28 56  100 91  5.4  43  589  0.83  .27 .28   27  32  37
  23   78 73 75  72  99 76 90   88 91  4.3  22  110  0.39  .02 .05   20  25  30
  24   77 71 74  72 100 81 93   81 88  4.9  14  173  0.85  .04 .07   19  24  29
  25   82 71 75  72 100 68 90   80 85  3.8  11  280  0.39  .08 .11   21  27  32
  26   98 71 83  70 100 33 69   87 84  1.1   7  615  0.00  .23 .22   26  31  36
  27  101 74 86  69  96 25 60   92 84  3.4  30  614  0.00  .26 .26   27  32  37
  28  104 76 90  67  88 24 50   95 86  2.5   9  646  0.00  .28 .26   29  34  39
  29  103 76 88  66  80 23 52   94 87  4.9  23  432  0.00  .20 .24   28  33  38
  30  102 76 89  65  79 24 49   96 87  5.6  25  654  0.00  .31 .31   28  33  38
  31   99 74 86  69  95 31 61   96 88  3.1  13  598  0.00  .25 .24   27  32  37
  --- --- -- --  -- --- -- ---  -- --  --  ---  ---  ----  --- ---  --- --- ----
  AVG 100 76 88  68  87 31 57   97 90  4.2  21  536
  TOT                                                4.37  7.4 7.7 851 1006 1161

  *****************************************************************************
  *                          ABBREVIATIONS AND UNITS                          *
  *                                                                           *
  *   AIR TEMP : AIR TEMPERATURE IN DEGREES F          MX : MAXIMUM FOR DAY   *
  *   DEW PT   : DEWPOINT IN DEGREES F                 MN : MINIMUM FOR DAY   *
  *   REL HUM  : RELATIVE HUMIDITY IN PERCENT          AV : AVERAGE FOR DAY   *
  *   SOL      : SOLAR RADIATION IN LANGLEYS          TOT : TOTAL FOR MONTH   *
  *   WIND : WIND SPEEDS IN MILES PER HOUR                                    *
  *   SOIL : SOIL TEMPERATURE AT 4 AND 20 INCHES, IN DEGREES F                *
  *   RAIN : RAINFALL IN INCHES                                               *
  *   ETo  : REFERENCE EVAPOTRANSPIRATION IN INCHES                           *
  *      AZ: AZMET ETo   STD: STANDARDIZED PENMAN-MONTEITH ETo                *
  *                                                                           *
  *     ## or 999 : MISSING DATA, ETo & HEAT UNIT TOTALS ARE PRORATED         *
  *            55 : TEMPERATURE LIMITS = 86/55  DEGREES F                     *
  *            50 : TEMPERATURE LIMITS = 86/50  DEGREES F                     *
  *            45 : TEMPERATURE LIMITS = 86/45  DEGREES F                     *
  *****************************************************************************


                 ARIZONA METEOROLOGICAL NETWORK MONTHLY SUMMARY

                                  Queen Creek
                                   August 2021 

       AIR TEMP DEW  REL HUM   SOIL T   WIND    SOL  RAIN  ETo ETo  HEAT UNITS
 Aug   MX MN AV  PT  MX MN AV    4 20  AV  MX              AZ  STD   55  50  45
 ---  --- -- -- ---  -- -- --  --- --  --  ---  ---  ----  --- ---  --- --- ---
   1  103 77 91  67  82 26 49   98 89  4.3  15  617  0.00  .29 .28   29  33  38
   2  107 78 92  66  77 21 45  100 89  4.0  14  643  0.00  .31 .30   29  34  39
   3  109 80 93  65  69 17 42  101 90  4.3  14  648  0.00  .31 .31   30  35  40
   4  111 76 94  60  67 12 35  101 91  4.0  12  653  0.00  .32 .31   29  34  39
   5  107 78 94  65  60 24 40  101 91  4.3  13  628  0.00  .31 .30   29  34  39
   6  104 80 92  69  77 28 49  102 92  5.1  24  611  0.00  .29 .30   30  35  40
   7  103 79 91  67  74 27 47  101 92  4.3  14  628  0.00  .30 .28   29  34  39
   8  102 78 91  67  77 27 49  101 92  5.1  20  622  0.00  .29 .29   29  34  39
   9   91 74 83  68  93 43 63   96 92  4.7  20  350  0.02  .16 .17   26  31  36
  10   93 73 82  71  99 42 72   92 91  3.6  15  428  0.21  .17 .18   26  31  36
  11   94 73 82  72 100 43 76   91 90  3.1  17  527  1.12  .20 .20   26  31  36
  12   95 74 84  72  99 39 70   93 89  2.7  12  583  0.08  .22 .22   27  32  37
  13   98 69 85  72 100 38 68   94 89  4.5  34  540  0.83  .22 .22   25  30  35
  14   92 69 80  73 100 51 80   91 89  3.4  15  526  0.40  .19 .19   24  29  34
  15   98 77 86  73  95 35 68   94 88  2.5  23  562  0.01  .22 .22   28  33  38
  16   98 69 86  72 100 38 66   95 88  3.4  52  576  0.82  .23 .22   25  30  35
  17   93 70 80  71 100 41 78   89 88  3.6  20  436  0.11  .15 .18   25  30  35
  18   92 74 82  72  94 40 75   88 87  5.6  35  447  0.08  .19 .20   27  32  37
  19   94 71 83  68  95 33 64   88 86  3.6  16  548  0.00  .22 .21   26  31  36
  20   97 74 85  68  93 28 60   92 86  2.9  10  606  0.00  .25 .23   27  32  37
  21   99 71 85  66  92 21 56   94 87  3.1   9  612  0.00  .26 .24   26  31  36
  22  101 72 87  64  85 23 51   95 87  2.9  14  607  0.00  .26 .24   27  32  37
  23  102 67 86  59  89 14 47   95 88  3.4  11  612  0.00  .27 .25   24  29  34
  24  105 69 87  62  81 20 46   95 88  2.5   8  596  0.00  .26 .24   26  31  36
  25  107 72 90  64  80 19 46   97 88  2.0   7  592  0.00  .25 .23   27  32  37
  26  109 73 92  63  81 15 42   98 89  2.7  10  591  0.00  .27 .25   28  33  38
  27  112 75 94  60  74 11 37   99 90  3.4  11  585  0.00  .28 .27   28  33  38
  28  105 78 91  61  57 24 38   99 90  4.5  21  545  0.00  .27 .27   29  34  39
  29  107 78 93  62  72 18 38  100 91  4.0  23  582  0.00  .28 .27   29  34  39
  30  104 82 91  63  66 22 41   99 91  5.1  23  473  0.00  .24 .27   30  35  40
  31   96 71 82  68  98 33 65   95 91  4.3  20  329  0.04  .14 .17   26  31  36
  --- --- -- --  -- --- -- ---  -- --  --  ---  ---  ----  --- ---  --- --- ----
  AVG 101 74 87  67  85 28 55   96 89  3.8  18  558
  TOT                                                3.72  7.6 7.5 845 1000 1155

  *****************************************************************************
  *                          ABBREVIATIONS AND UNITS                          *
  *                                                                           *
  *   AIR TEMP : AIR TEMPERATURE IN DEGREES F          MX : MAXIMUM FOR DAY   *
  *   DEW PT   : DEWPOINT IN DEGREES F                 MN : MINIMUM FOR DAY   *
  *   REL HUM  : RELATIVE HUMIDITY IN PERCENT          AV : AVERAGE FOR DAY   *
  *   SOL      : SOLAR RADIATION IN LANGLEYS          TOT : TOTAL FOR MONTH   *
  *   WIND : WIND SPEEDS IN MILES PER HOUR                                    *
  *   SOIL : SOIL TEMPERATURE AT 4 AND 20 INCHES, IN DEGREES F                *
  *   RAIN : RAINFALL IN INCHES                                               *
  *   ETo  : REFERENCE EVAPOTRANSPIRATION IN INCHES                           *
  *      AZ: AZMET ETo   STD: STANDARDIZED PENMAN-MONTEITH ETo                *
  *                                                                           *
  *     ## or 999 : MISSING DATA, ETo & HEAT UNIT TOTALS ARE PRORATED         *
  *            55 : TEMPERATURE LIMITS = 86/55  DEGREES F                     *
  *            50 : TEMPERATURE LIMITS = 86/50  DEGREES F                     *
  *            45 : TEMPERATURE LIMITS = 86/45  DEGREES F                     *
  *****************************************************************************


                 ARIZONA METEOROLOGICAL NETWORK MONTHLY SUMMARY

                                  Queen Creek
                                September 2021 

       AIR TEMP DEW  REL HUM   SOIL T   WIND    SOL  RAIN  ETo ETo  HEAT UNITS
 Sep   MX MN AV  PT  MX MN AV    4 20  AV  MX              AZ  STD   55  50  45
 ---  --- -- -- ---  -- -- --  --- --  --  ---  ---  ----  --- ---  --- --- ---
   1   92 70 80  70 100 43 75   91 90  3.1  17  525  0.37  .19 .19   25  30  35
   2   94 70 81  71 100 41 74   90 89  2.9  30  516  1.25  .19 .19   25  30  35
   3   98 74 85  70  96 30 63   91 88  2.2  10  553  0.00  .22 .20   27  32  37
   4  104 74 88  67  92 23 55   94 88  2.5  10  546  0.00  .23 .22   28  33  38
   5  103 74 87  67  87 22 55   96 88  4.3  22  563  0.00  .25 .25   28  33  38
   6  102 72 87  66  86 25 53   96 89  2.0   7  560  0.00  .23 .21   27  32  37
   7  101 73 87  69  84 28 57   96 89  2.9  11  544  0.00  .23 .22   27  32  37
   8  104 75 88  69  83 29 55   97 89  3.6  12  542  0.00  .24 .24   28  33  38
   9  107 74 91  58  75 14 35   96 90  5.4  18  541  0.00  .30 .29   28  33  38
  10  107 72 89  56  66 13 36   96 90  3.6  13  532  0.00  .26 .24   27  32  37
  11  106 76 89  61  68 13 42   96 90  2.9   9  527  0.00  .24 .23   28  34  39
  12  107 69 88  56  71 13 38   96 90  2.9  12  536  0.00  .25 .23   26  31  36
  13  106 68 88  55  67 14 37   95 89  3.1  14  534  0.00  .26 .23   26  30  35
  14  104 69 87  56  69 15 38   95 89  3.4   9  522  0.00  .24 .23   26  31  36
  15  102 68 85  54  69 12 37   94 89  3.6  13  522  0.00  .25 .23   25  30  35
  16  104 66 85  53  68 15 36   93 89  2.9  12  515  0.00  .24 .21   24  29  34
  17   98 73 85  59  76 23 42   93 89  3.1  10  395  0.00  .18 .19   27  32  37
  18   99 73 82  65  94 28 61   93 88  4.3  34  415  0.00  .18 .20   27  32  37
  19   97 71 83  67  97 35 61   92 88  2.7  14  457  0.00  .19 .18   26  31  36
  20   97 65 81  55  83 16 45   91 88  3.4  15  513  0.00  .22 .21   23  28  33
  21   99 60 81  52  76 13 40   91 87  2.9  10  509  0.00  .22 .20   21  26  31
  22  102 65 83  53  70 14 38   91 87  3.4  18  499  0.00  .24 .22   24  29  34
  23   95 68 80  58  77 26 48   90 87  4.3  19  391  0.00  .19 .19   24  29  34
  24   89 68 77  57  71 30 51   87 86  3.8  16  296  0.00  .13 .15   23  28  33
  25   94 67 80  60  85 26 53   89 85  3.6  26  459  0.00  .19 .19   24  29  34
  26   74 67 70  66  96 60 86   83 85  3.8  14  133  0.15  .02 .06   15  21  26
  27   87 68 75  63  96 36 69   83 83  2.0   9  400  0.00  .14 .14   23  27  32
  28   91 65 77  62  96 32 62   85 83  3.6  12  402  0.00  .16 .16   22  27  32
  29   85 64 75  58  91 29 59   84 83  3.8  14  372  0.00  .15 .15   20  25  30
  30   89 66 76  52  85 23 45   85 82  5.6  27  465  0.00  .20 .21   22  27  32
  --- --- -- --  -- --- -- ---  -- --  --  ---  ---  ----  --- ---  --- --- ----
  AVG  98 70 83  61  82 25 52   92 88  3.4  15  476
  TOT                                                1.77  6.2 6.1  744 894 1044

  *****************************************************************************
  *                          ABBREVIATIONS AND UNITS                          *
  *                                                                           *
  *   AIR TEMP : AIR TEMPERATURE IN DEGREES F          MX : MAXIMUM FOR DAY   *
  *   DEW PT   : DEWPOINT IN DEGREES F                 MN : MINIMUM FOR DAY   *
  *   REL HUM  : RELATIVE HUMIDITY IN PERCENT          AV : AVERAGE FOR DAY   *
  *   SOL      : SOLAR RADIATION IN LANGLEYS          TOT : TOTAL FOR MONTH   *
  *   WIND : WIND SPEEDS IN MILES PER HOUR                                    *
  *   SOIL : SOIL TEMPERATURE AT 4 AND 20 INCHES, IN DEGREES F                *
  *   RAIN : RAINFALL IN INCHES                                               *
  *   ETo  : REFERENCE EVAPOTRANSPIRATION IN INCHES                           *
  *      AZ: AZMET ETo   STD: STANDARDIZED PENMAN-MONTEITH ETo                *
  *                                                                           *
  *     ## or 999 : MISSING DATA, ETo & HEAT UNIT TOTALS ARE PRORATED         *
  *            55 : TEMPERATURE LIMITS = 86/55  DEGREES F                     *
  *            50 : TEMPERATURE LIMITS = 86/50  DEGREES F                     *
  *            45 : TEMPERATURE LIMITS = 86/45  DEGREES F                     *
  *****************************************************************************


                 ARIZONA METEOROLOGICAL NETWORK MONTHLY SUMMARY

                                  Queen Creek
                                  October 2021 

       AIR TEMP DEW  REL HUM   SOIL T   WIND    SOL  RAIN  ETo ETo  HEAT UNITS
 Oct   MX MN AV  PT  MX MN AV    4 20  AV  MX              AZ  STD   55  50  45
 ---  --- -- -- ---  -- -- --  --- --  --  ---  ---  ----  --- ---  --- --- ---
   1   90 58 75  47  75 15 39   85 82  3.6  15  481  0.00  .21 .19   19  24  29
   2   93 57 74  47  72 16 42   84 82  2.0  10  475  0.00  .19 .15   19  24  29
   3   98 60 79  50  72 16 40   85 82  1.8  11  456  0.00  .19 .15   21  26  31
   4   99 63 80  54  74 17 44   85 82  3.6  25  363  0.00  .17 .18   23  28  33
   5   87 66 74  63  93 41 72   83 82  3.6  30  306  0.24  .11 .13   21  26  31
   6   89 62 74  58 100 19 63   82 81  2.0  11  468  0.00  .17 .15   20  25  30
   7   92 59 75  55  89 22 55   82 80  2.9  13  395  0.00  .16 .15   19  24  29
   8   91 59 75  54  88 19 52   82 80  4.0  12  428  0.00  .19 .17   19  24  29
   9   87 62 74  49  83 18 45   83 80  4.5  18  431  0.00  .20 .18   19  24  29
  10   84 50 68  38  76 15 37   79 80  3.1   9  465  0.00  .18 .15   13  17  22
  11   86 48 70  37  80 10 36   78 79 10.7  38  462  0.00  .28 .28   13  17  22
  12   69 49 60  27  56 14 30   76 78  6.0  21  419  0.00  .19 .17    5   9  14
  13   75 41 58  31  72 16 39   72 77  2.7  13  447  0.00  .16 .12    7  10  14
  14   78 42 61  35  88 16 44   73 76  3.1  11  445  0.00  .17 .13    9  12  15
  15   84 47 67  31  77  9 30   73 75  4.9  15  449  0.00  .21 .19   12  16  21
  16   91 60 77  31  57 11 20   76 74  6.3  19  442  0.00  .25 .24   19  24  29
  17   90 58 74  41  60 14 32   77 75  4.5  15  388  0.00  .19 .19   18  23  28
  18   83 53 68  46  70 29 47   76 75  7.2  21  386  0.00  .19 .19   13  18  23
  19   79 57 67  47  72 32 50   76 75  2.0  11  384  0.00  .13 .11   13  18  23
  20   87 50 68  46  85 20 49   75 75  2.0   9  400  0.00  .14 .12   14  18  23
  21   87 50 68  45  77 17 47   75 74  3.6  11  414  0.00  .17 .15   14  19  24
  22   89 51 69  44  77 18 45   76 74  2.5   9  413  0.00  .16 .13   15  20  25
  23   85 51 69  42  79 19 42   75 74  4.3  17  349  0.00  .15 .15   14  18  23
  24   87 51 69  46  78 20 47   75 74  3.1  12  379  0.00  .15 .14   14  19  24
  25   89 53 72  49  80 22 48   76 74  6.0  18  393  0.00  .19 .19   16  21  26
  26   72 50 64  43  75 26 48   75 74  6.0  17  402  0.01  .16 .13    7  11  16
  27   76 42 60  35  78 16 42   71 73  2.7  10  403  0.00  .15 .11    7  11  14
  28   87 44 65  39  78 15 41   71 73  2.7   7  397  0.00  .15 .13   12  16  20
  29   94 52 71  38  64  9 33   73 72  2.5  14  393  0.00  .17 .14   17  21  26
  30   91 49 68  38  70 13 37   74 72  2.7   8  384  0.00  .15 .13   15  19  24
  31   88 51 68  41  73 16 41   74 72  2.9   9  378  0.00  .15 .13   15  19  24
  --- --- -- --  -- --- -- ---  -- --  --  ---  ---  ----  --- ---  --- --- ----
  AVG  86 53 70  44  76 18 43   77 77  3.9  15  413
  TOT                                                0.25  5.4 4.9  465 602 751

  *****************************************************************************
  *                          ABBREVIATIONS AND UNITS                          *
  *                                                                           *
  *   AIR TEMP : AIR TEMPERATURE IN DEGREES F          MX : MAXIMUM FOR DAY   *
  *   DEW PT   : DEWPOINT IN DEGREES F                 MN : MINIMUM FOR DAY   *
  *   REL HUM  : RELATIVE HUMIDITY IN PERCENT          AV : AVERAGE FOR DAY   *
  *   SOL      : SOLAR RADIATION IN LANGLEYS          TOT : TOTAL FOR MONTH   *
  *   WIND : WIND SPEEDS IN MILES PER HOUR                                    *
  *   SOIL : SOIL TEMPERATURE AT 4 AND 20 INCHES, IN DEGREES F                *
  *   RAIN : RAINFALL IN INCHES                                               *
  *   ETo  : REFERENCE EVAPOTRANSPIRATION IN INCHES                           *
  *      AZ: AZMET ETo   STD: STANDARDIZED PENMAN-MONTEITH ETo                *
  *                                                                           *
  *     ## or 999 : MISSING DATA, ETo & HEAT UNIT TOTALS ARE PRORATED         *
  *            55 : TEMPERATURE LIMITS = 86/55  DEGREES F                     *
  *            50 : TEMPERATURE LIMITS = 86/50  DEGREES F                     *
  *            45 : TEMPERATURE LIMITS = 86/45  DEGREES F                     *
  *****************************************************************************


                 ARIZONA METEOROLOGICAL NETWORK MONTHLY SUMMARY

                                  Queen Creek                                   
                                 November 2021                                  

       AIR TEMP DEW  REL HUM   SOIL T   WIND    SOL  RAIN  ETo ETo  HEAT UNITS
 Nov   MX MN AV  PT  MX MN AV    4 20  AV  MX              AZ  STD   55  50  45
 ---  --- -- -- ---  -- -- --  --- --  --  ---  ---  ----  --- ---  --- --- ---
   1   85 50 65  42  78 18 46   73 72  2.9  10  351  0.00  .14 .12   13  17  22
   2   84 48 64  42  80 18 48   72 72  2.3   7  337  0.00  .12 .11   12  16  21
   3   82 47 64  43  76 22 48   71 72  2.7   7  369  0.00  .13 .11   11  15  19
   4   87 48 66  43  77 18 46   72 71  2.2   6  367  0.00  .13 .11   14  17  22
   5   91 48 67  42  78 15 43   72 71  2.0   6  360  0.00  .13 .11   15  19  24
   6   91 48 68  41  75 15 40   73 71  2.1   7  359  0.00  .13 .11   15  19  24
   7   87 48 67  39  73 16 38   72 71  1.8   7  291  0.00  .11 .09   14  17  22
   8   87 48 66  39  75 13 40   71 71  3.2  12  353  0.00  .15 .13   14  18  22
   9   83 45 63  39  76 18 43   70 71  2.1   9  292  0.00  .10 .09   11  15  19
  10   80 44 62  39  76 23 45   69 70  3.0  11  344  0.00  .13 .11   10  13  17
  11   85 46 65  35  71 11 38   69 70  3.1  12  350  0.00  .15 .12   13  16  21
  12   87 48 66  32  64 12 30   69 69  2.6  12  347  0.00  .15 .11   14  18  22
  13   86 45 65  33  67 13 33   69 69  2.3   8  346  0.00  .14 .11   13  16  20
  14   85 44 63  33  67 13 36   68 69  2.3   7  336  0.00  .13 .10   12  16  20
  15   85 43 62  33  68 13 37   68 69  2.5   7  341  0.00  .13 .11   12  15  19
  16   85 46 63  30  63 10 31   67 68  2.4  10  276  0.00  .11 .10   12  16  20
  17   81 43 58  31  70 13 39   66 68  1.6   5  266  0.00  .08 .08   10  13  17
  18   82 40 61  29  72 11 34   65 67  3.5  12  324  0.00  .14 .12   10  13  17
  19   83 48 64  32  62 12 31   66 67  2.2  14  289  0.00  .12 .09   12  16  21
  20   79 42 61  33  75 15 37   66 67  2.4   7  293  0.00  .11 .09    9  12  16
  21   82 51 65  32  73 12 32   66 66  4.4  19  245  0.00  .12 .14   12  16  21
  22   81 59 70  30  52 15 22   68 66  6.1  16  246  0.00  .16 .17   15  20  25
  23   77 57 65  42  69 21 44   68 67  1.9   8  147  0.00  .05 .07   12  17  22
  24   75 48 61  44  87 28 57   68 67  2.9  10  227  0.00  .07 .08    8  12  17
  25   74 47 63  33  65 16 32   65 66  8.0  20  307  0.00  .17 .16    7  11  16
  26   76 45 60  36  71 20 42   65 66  4.4  20  304  0.00  .13 .11    8  11  15
  27   74 41 57  37  80 25 49   64 66  3.0   9  306  0.00  .10 .09    7  10  13
  28   78 39 58  36  79 19 46   63 65  2.3   7  309  0.00  .11 .08    8  11  15
  29   80 44 61  33  67 16 36   64 65  2.7  10  308  0.00  .12 .09   10  13  17
  30   80 44 59  34  69 17 41   63 64  2.5  10  268  0.00  .10 .09   10  13  17
  --- --- -- --  -- --- -- ---  -- --  --  ---  ---  ----  --- ---  --- --- ----
  AVG  82 46 63  36  72 16 39   68 68  2.9  10  309
  TOT                                                0.00  3.7 3.2  343 451 583
                    
  *****************************************************************************
  *                          ABBREVIATIONS AND UNITS                          *
  *                                                                           *
  *   AIR TEMP : AIR TEMPERATURE IN DEGREES F          MX : MAXIMUM FOR DAY   *
  *   DEW PT   : DEWPOINT IN DEGREES F                 MN : MINIMUM FOR DAY   *
  *   REL HUM  : RELATIVE HUMIDITY IN PERCENT          AV : AVERAGE FOR DAY   *
  *   SOL      : SOLAR RADIATION IN LANGLEYS          TOT : TOTAL FOR MONTH   *
  *   WIND : WIND SPEEDS IN MILES PER HOUR                                    *
  *   SOIL : SOIL TEMPERATURE AT 4 AND 20 INCHES, IN DEGREES F                *
  *   RAIN : RAINFALL IN INCHES                                               *
  *   ETo  : REFERENCE EVAPOTRANSPIRATION IN INCHES                           *
  *      AZ: AZMET ETo   STD: STANDARDIZED PENMAN-MONTEITH ETo                *
  *                                                                           *
  *     ## or 999 : MISSING DATA, ETo & HEAT UNIT TOTALS ARE PRORATED         *
  *            55 : TEMPERATURE LIMITS = 86/55  DEGREES F                     *
  *            50 : TEMPERATURE LIMITS = 86/50  DEGREES F                     *
  *            45 : TEMPERATURE LIMITS = 86/45  DEGREES F                     *
  *****************************************************************************

                 ARIZONA METEOROLOGICAL NETWORK MONTHLY SUMMARY

                                  Queen Creek                                   
                                 December 2021                                  

       AIR TEMP DEW  REL HUM   SOIL T   WIND    SOL  RAIN  ETo ETo  HEAT UNITS
 Dec   MX MN AV  PT  MX MN AV    4 20  AV  MX              AZ  STD   55  50  45
 ---  --- -- -- ---  -- -- --  --- --  --  ---  ---  ----  --- ---  --- --- ---
   1   81 43 61  36  74 17 42   63 64  2.2   7  261  0.00  .09 .08   10  13  17
   2   82 47 63  37  73 19 41   65 64  2.0   7  293  0.00  .11 .08   11  15  19
   3   80 44 60  39  78 21 49   65 64  2.8   7  296  0.00  .10 .09   10  13  17
   4   76 42 58  39  82 25 52   64 64  2.4   7  271  0.00  .09 .08    8  11  14
   5   74 39 55  35  81 24 51   62 64  2.8   9  299  0.00  .10 .08    6   9  13
   6   80 39 57  34  79 19 46   61 63  2.0   7  290  0.00  .09 .08    9  12  15
   7   76 43 58  34  75 18 44   62 63  2.9  11  253  0.00  .09 .09    8  11  15
   8   75 43 56  36  77 21 49   62 63  3.9  13  263  0.00  .10 .10    7  10  14
   9   75 40 57  40  94 27 56   62 62  6.9  26  279  0.08  .12 .12    7  10  13
  10   62 49 55  48 100 45 78   62 62  3.1  18  266  0.29  .06 .05    2   6  11
  11   67 38 51  37  99 21 62   57 62  2.1   8  304  0.00  .08 .06    3   6   9
  12   74 35 53  38  94 24 62   56 61  2.7  11  301  0.00  .09 .08    6   9  12
  13   75 39 56  42  93 29 62   57 60  2.7   9  276  0.00  .06 .07    7  10  13
  14   72 52 60  48  90 33 66   60 60  6.1  27  198  0.04  .07 .10    7  12  17
  15   59 40 49  37  99 26 64   58 60  3.6  30  284  0.02  .07 .06    1   3   6
  16   62 31 45  36  99 38 72   53 59  2.3  12  294  0.00  .07 .05    2   3   6
  17   60 32 46  36  99 36 71   53 58  3.1  12  288  0.00  .07 .05    1   2   5
  18   68  1 49  26  94 14 48   ## ##  4.0  14  300  0.00  .10 .09    2   4   6
  19   68 38 54  28  81 20 39   54 57  3.5  11  292  0.00  .10 .09    4   7  10
  20   69 35 51  33  86 24 53   54 57  2.1   8  293  0.00  .09 .06    4   7  10
  21   64 42 52  38  86 31 59   55 57  2.2   9  151  0.00  .04 .05    2   5   8
  22   73 40 55  37  88 20 54   57 57  1.6   7  276  0.00  .08 .06    6   9  12
  23   78 50 62  39  80 14 46   61 57  2.5   8  270  0.00  .10 .08   10  14  19
  24   60 53 55  53 100 56 92   59 58  5.3  24   57  1.15  .00 .03    2   6  11
  25   62 50 55  53 100 72 93   58 58  1.9   7  128  0.01  .01 .03    2   6  11
  26   67 46 55  47  97 38 77   57 58  2.1  11  259  0.00  .06 .05    4   7  12
  27   55 42 48  45  99 60 88   53 57  3.1  12  107  0.00  .00 .03    0   1   4
  28   58 39 49  43  96 53 81   52 56  4.0  27  192  0.09  .04 .04    1   2   5
  29   60 41 50  45 100 50 85   53 56  3.2  10  250  0.05  .05 .05    1   3   6
  30   61 44 51  46 100 46 83   53 55  2.7   9  178  0.00  .03 .05    2   4   8
  31   60 47 52  50 100 67 92   54 55  5.2  21   90  0.50  .00 .04    2   4   9
  --- --- -- --  -- --- -- ---  -- --  --  ---  ---  ----  --- ---  --- --- ----
  AVG  69 41 54  40  90 33 63   59 61  3.1  13  244
  TOT                                                2.23  2.2 2.1  147 234 347
                    
  *****************************************************************************
  *                          ABBREVIATIONS AND UNITS                          *
  *                                                                           *
  *   AIR TEMP : AIR TEMPERATURE IN DEGREES F          MX : MAXIMUM FOR DAY   *
  *   DEW PT   : DEWPOINT IN DEGREES F                 MN : MINIMUM FOR DAY   *
  *   REL HUM  : RELATIVE HUMIDITY IN PERCENT          AV : AVERAGE FOR DAY   *
  *   SOL      : SOLAR RADIATION IN LANGLEYS          TOT : TOTAL FOR MONTH   *
  *   WIND : WIND SPEEDS IN MILES PER HOUR                                    *
  *   SOIL : SOIL TEMPERATURE AT 4 AND 20 INCHES, IN DEGREES F                *
  *   RAIN : RAINFALL IN INCHES                                               *
  *   ETo  : REFERENCE EVAPOTRANSPIRATION IN INCHES                           *
  *      AZ: AZMET ETo   STD: STANDARDIZED PENMAN-MONTEITH ETo                *
  *                                                                           *
  *     ## or 999 : MISSING DATA, ETo & HEAT UNIT TOTALS ARE PRORATED         *
  *            55 : TEMPERATURE LIMITS = 86/55  DEGREES F                     *
  *            50 : TEMPERATURE LIMITS = 86/50  DEGREES F                     *
  *            45 : TEMPERATURE LIMITS = 86/45  DEGREES F                     *
  *****************************************************************************
