
                 ARIZONA METEOROLOGICAL NETWORK MONTHLY SUMMARY

                                  Queen Creek                                   
                                  January 2022                                  

       AIR TEMP DEW  REL HUM   SOIL T   WIND    SOL  RAIN  ETo ETo  HEAT UNITS
 Jan   MX MN AV  PT  MX MN AV    4 20  AV  MX              AZ  STD   55  50  45
 ---  --- -- -- ---  -- -- --  --- --  --  ---  ---  ----  --- ---  --- --- ---
   1   54 36 48  37  97 22 65   51 55 10.0  26  305  0.25  .10 .07    0   1   3
   2   58 30 45  24  82 16 47   46 54  3.8  16  311  0.00  .09 .07    1   2   4
   3   64 31 46  30  93 20 59   46 52  1.8   9  312  0.00  .08 .05    2   4   7
   4   66 32 47  35  96 29 66   48 52  1.6   8  305  0.00  .08 .05    3   5   7
   5   66 32 47  35  97 26 66   49 51  2.2   8  304  0.00  .08 .06    3   5   7
   6   68 34 48  38  97 29 70   50 51  1.3   6  284  0.00  .07 .05    3   6   9
   7   73 36 52  40  98 25 68   51 52  2.2   7  305  0.00  .09 .07    6   8  11
   8   68 37 51  40  95 31 69   52 52  2.6  11  221  0.00  .06 .06    4   6   9
   9   74 35 54  36  96 18 56   52 52  3.0  14  311  0.00  .10 .09    6   9  12
  10   72 46 61  32  65 18 34   55 53  7.3  20  308  0.00  .16 .15    6   9  14
  11   69 41 55  36  83 25 51   55 53  4.7  19  268  0.00  .10 .10    4   7  11
  12   71 37 51  32  82 15 52   53 53  3.6  11  281  0.00  .10 .09    5   8  11
  13   70 34 51  33  91 19 55   52 53  2.7   8  292  0.00  .09 .08    4   7  10
  14   69 40 52  38  87 28 60   54 53  2.2   7  197  0.00  .05 .06    4   7  10
  15   70 39 57  26  87 14 34   53 53  6.2  19  254  0.00  .13 .13    5   7  11
  16   71 36 54  29  80 16 43   54 53  2.1   8  316  0.00  .10 .07    5   8  11
  17   72 39 53  32  80 16 48   54 53  1.9   7  273  0.00  .08 .07    6   8  12
  18   71 44 55  37  84 23 53   56 54  3.2  12  291  0.00  .10 .09    5   8  12
  19   69 41 54  42  91 36 66   57 54  2.6   9  287  0.00  .09 .07    4   7  11
  20   72 38 54  36  94 20 56   56 55  2.3  10  332  0.00  .11 .08    6   8  12
  21   71 35 53  32  78 21 47   55 55  2.4  10  336  0.00  .11 .08    5   7  10
  22   67 44 55  38  93 26 55   56 55  5.9  24  233  0.15  .09 .10    4   7  10
  23   67 42 56  42  97 32 62   56 55  3.9  14  321  0.00  .10 .08    4   7  10
  24   69 36 51  37  97 28 65   55 55  3.0  12  344  0.00  .10 .08    4   7   9
  25   69 34 51  32  91 17 53   54 54  4.0  13  341  0.00  .12 .10    4   6   9
  26   68 34 50  28  83 15 48   53 54  4.3  17  357  0.00  .13 .11    3   6   9
  27   67 29 50  25  87 11 44   53 54  3.9  24  360  0.00  .12 .10    3   5   8
  28   69 42 58  17  42 11 20   55 54  9.4  25  358  0.00  .21 .19    5   8  11
  29   73 39 59  24  55 13 27   56 54  5.0  20  356  0.00  .16 .14    6   9  12
  30   72 42 59  31  72 18 35   59 54  3.4  21  342  0.00  .13 .10    6   9  13
  31   69 36 53  30  81 18 46   57 55  2.6   9  318  0.00  .10 .08    4   7   9
  --- --- -- --  -- --- -- ---  -- --  --  ---  ---  ----  --- ---  --- --- ----
  AVG  69 37 53  33  86 21 52   53 53  3.7  14  304
  TOT                                                0.40  3.2 2.7  130 208 304
                    
  *****************************************************************************
  *                          ABBREVIATIONS AND UNITS                          *
  *                                                                           *
  *   AIR TEMP : AIR TEMPERATURE IN DEGREES F          MX : MAXIMUM FOR DAY   *
  *   DEW PT   : DEWPOINT IN DEGREES F                 MN : MINIMUM FOR DAY   *
  *   REL HUM  : RELATIVE HUMIDITY IN PERCENT          AV : AVERAGE FOR DAY   *
  *   SOL      : SOLAR RADIATION IN LANGLEYS          TOT : TOTAL FOR MONTH   *
  *   WIND : WIND SPEEDS IN MILES PER HOUR                                    *
  *   SOIL : SOIL TEMPERATURE AT 4 AND 20 INCHES, IN DEGREES F                *
  *   RAIN : RAINFALL IN INCHES                                               *
  *   ETo  : REFERENCE EVAPOTRANSPIRATION IN INCHES                           *
  *      AZ: AZMET ETo   STD: STANDARDIZED PENMAN-MONTEITH ETo                *
  *                                                                           *
  *     ## or 999 : MISSING DATA, ETo & HEAT UNIT TOTALS ARE PRORATED         *
  *            55 : TEMPERATURE LIMITS = 86/55  DEGREES F                     *
  *            50 : TEMPERATURE LIMITS = 86/50  DEGREES F                     *
  *            45 : TEMPERATURE LIMITS = 86/45  DEGREES F                     *
  *****************************************************************************

                 ARIZONA METEOROLOGICAL NETWORK MONTHLY SUMMARY

                                  Queen Creek                                   
                                 February 2022                                  

       AIR TEMP DEW  REL HUM   SOIL T   WIND    SOL  RAIN  ETo ETo  HEAT UNITS
 Feb   MX MN AV  PT  MX MN AV    4 20  AV  MX              AZ  STD   55  50  45
 ---  --- -- -- ---  -- -- --  --- --  --  ---  ---  ----  --- ---  --- --- ---
   1   71 38 53  31  78 14 48   56 55  2.5  10  227  0.00  .07 .08    5   8  11
   2   60 38 50  21  70 10 33   56 55  6.1  22  361  0.00  .14 .12    1   3   6
   3   56 28 42  12  65 10 33   51 54  2.9  12  386  0.00  .11 .08    0   1   3
   4   63 33 50   8  59  9 19   51 53  7.9  22  392  0.00  .18 .16    2   4   6
   5   67 36 51  13  59  9 24   52 53  4.6  15  382  0.00  .15 .13    3   6   9
   6   72 30 52  18  68 11 31   53 53  4.3  17  395  0.00  .16 .13    5   7  10
   7   71 44 58  19  43 12 22   55 53  5.5  17  396  0.00  .18 .15    5   9  12
   8   75 36 56  24  65 11 32   56 53  3.6  13  402  0.00  .16 .12    6   9  12
   9   78 38 58  23  64  9 29   57 54  4.0  13  406  0.00  .17 .14    8  11  14
  10   81 41 60  27  63 11 31   59 54  2.9  11  403  0.00  .16 .13    9  13  17
  11   78 40 58  31  73 13 39   60 55  3.0  10  410  0.00  .15 .12    8  11  15
  12   83 38 62  21  75  6 27   60 56  3.7  14  422  0.00  .18 .15   10  13  17
  13   84 40 61  26  65 10 30   61 56  3.1  13  420  0.00  .17 .14   11  14  18
  14   81 37 58  25  71  8 33   61 57  2.3   7  428  0.00  .16 .12    9  12  16
  15   80 36 58  23  73  8 31   60 57  8.4  26  419  0.00  .23 .22    8  11  15
  16   58 45 50  39  90 34 65   58 57  4.2  15  239  0.14  .06 .08    1   3   7
  17   64 39 51  34  92 20 56   57 56  4.0  17  432  0.00  .14 .11    3   5   8
  18   70 32 51  27  88 13 46   56 56  2.5   9  443  0.00  .14 .11    4   7  10
  19   80 37 58  26  73  8 36   58 56  2.2  13  448  0.00  .16 .12    9  12  15
  20   80 36 58  26  75  8 34   60 56  3.1  11  434  0.00  .16 .14    8  11  15
  21   69 35 55  31  80 19 42   59 57  9.1  23  406  0.00  .19 .17    4   7  10
  22   68 41 55  36  69 29 49   59 57  6.7  20  348  0.00  .13 .13    4   7  10
  23   58 35 45  39  98 44 79   55 57  8.3  31  134  0.19  .04 .07    0   2   4
  24   56 30 43  33 100 32 71   52 55  2.6  12  455  0.00  .12 .08    0   1   3
  25   64 30 47  32  97 22 60   53 54  2.1   9  441  0.00  .12 .09    2   4   7
  26   68 31 50  31  96 19 54   55 54  3.5  15  469  0.00  .15 .12    3   6   8
  27   73 33 54  24  70 12 34   56 54  4.2  11  447  0.00  .17 .14    5   8  11
  28   83 44 61  28  74  8 33   59 55  3.1  16  390  0.00  .15 .15   11  15  19
  --- --- -- --  -- --- -- ---  -- --  --  ---  ---  ----  --- ---  --- --- ----
  AVG  71 36 54  26  75 15 40   57 55  4.3  15  391
  TOT                                                0.33  4.1 3.5  144 220 308
                    
  *****************************************************************************
  *                          ABBREVIATIONS AND UNITS                          *
  *                                                                           *
  *   AIR TEMP : AIR TEMPERATURE IN DEGREES F          MX : MAXIMUM FOR DAY   *
  *   DEW PT   : DEWPOINT IN DEGREES F                 MN : MINIMUM FOR DAY   *
  *   REL HUM  : RELATIVE HUMIDITY IN PERCENT          AV : AVERAGE FOR DAY   *
  *   SOL      : SOLAR RADIATION IN LANGLEYS          TOT : TOTAL FOR MONTH   *
  *   WIND : WIND SPEEDS IN MILES PER HOUR                                    *
  *   SOIL : SOIL TEMPERATURE AT 4 AND 20 INCHES, IN DEGREES F                *
  *   RAIN : RAINFALL IN INCHES                                               *
  *   ETo  : REFERENCE EVAPOTRANSPIRATION IN INCHES                           *
  *      AZ: AZMET ETo   STD: STANDARDIZED PENMAN-MONTEITH ETo                *
  *                                                                           *
  *     ## or 999 : MISSING DATA, ETo & HEAT UNIT TOTALS ARE PRORATED         *
  *            55 : TEMPERATURE LIMITS = 86/55  DEGREES F                     *
  *            50 : TEMPERATURE LIMITS = 86/50  DEGREES F                     *
  *            45 : TEMPERATURE LIMITS = 86/45  DEGREES F                     *
  *****************************************************************************

                 ARIZONA METEOROLOGICAL NETWORK MONTHLY SUMMARY

                                  Queen Creek                                   
                                   March 2022                                   

       AIR TEMP DEW  REL HUM   SOIL T   WIND    SOL  RAIN  ETo ETo  HEAT UNITS
 Mar   MX MN AV  PT  MX MN AV    4 20  AV  MX              AZ  STD   55  50  45
 ---  --- -- -- ---  -- -- --  --- --  --  ---  ---  ----  --- ---  --- --- ---
   1   83 44 63  28  66  9 30   62 55  3.6  12  479  0.00  .20 .16   11  14  19
   2   86 38 62  31  79  9 38   63 57  2.5   7  483  0.00  .18 .15   11  15  18
   3   87 46 69  30  71  6 29   66 58  6.1  16  465  0.00  .23 .23   13  17  22
   4   72 48 62  34  83 14 36   66 59  9.0  29  415  0.00  .22 .20    7  10  15
   5   72 43 57  37  89 21 50   64 59  7.6  26  437  0.00  .18 .17    6   9  12
   6   62 37 51  27  80 20 41   63 59  4.0  23  499  0.00  .16 .12    2   4   7
   7   67 34 51  25  77 16 40   61 59  4.3  18  483  0.00  .17 .14    3   5   8
   8   65 33 51  19  75 10 32   60 59  3.2  19  516  0.00  .18 .13    3   5   7
   9   70 29 51  20  76 10 35   59 58  4.1  15  515  0.00  .19 .15    4   6   9
  10   73 34 55  25  74 16 34   61 58  8.3  27  488  0.00  .22 .20    5   8  11
  11   68 34 52  17  68  8 28   61 58  4.4  18  530  0.00  .20 .15    4   6   9
  12   78 34 57  19  61  9 26   61 58  3.2  12  533  0.00  .20 .16    8  10  13
  13   79 34 58  22  71  8 30   63 58  4.3  17  517  0.00  .21 .18    8  11  14
  14   81 38 62  23  66  9 27   65 59  3.0  11  532  0.00  .21 .16    9  12  16
  15   87 41 65  25  71  7 27   67 60  2.6   8  537  0.00  .21 .17   12  16  19
  16   84 42 66  29  65 10 29   68 61  7.9  22  527  0.00  .27 .26   11  14  18
  17   78 46 64  28  65 10 29   69 61  4.2  16  543  0.00  .22 .18    9  13  17
  18   81 44 63  25  58  6 26   68 62  3.3  14  548  0.00  .22 .18   10  14  18
  19   84 41 64  24  64  5 26   68 62  3.8  11  499  0.00  .21 .19   11  15  18
  20   71 48 61  34  73 17 37   67 63  7.5  25  360  0.00  .17 .18    6  10  14
  21   72 44 59  33  82 14 41   67 63  5.6  20  543  0.00  .22 .18    6   9  13
  22   79 40 61  26  71  9 28   67 62  4.5  18  558  0.00  .23 .19    8  12  15
  23   79 46 65  17  55  7 16   69 63  6.4  24  576  0.00  .27 .24    9  13  17
  24   85 38 64  22  70  6 25   69 63  3.2  10  580  0.00  .23 .19   11  14  17
  25   94 46 70  32  65  8 27   71 63  3.0   8  560  0.00  .24 .20   15  19  23
  26   94 50 72  34  62  7 27   73 64  3.1  10  468  0.00  .20 .19   16  21  26
  27   93 48 72  29  60  5 25   73 65  4.7  23  553  0.00  .26 .25   15  19  24
  28   81 52 67  37  80 12 34   71 66  6.5  37  215  0.01  .12 .19   12  17  22
  29   66 49 57  47  98 40 71   66 65  8.2  23  342  1.14  .13 .12    4   7  12
  30   76 47 61  46  96 25 62   66 64  4.8  15  570  0.00  .20 .17    8  12  16
  31   82 50 67  44  86 19 48   71 64  3.6  10  572  0.00  .21 .18   11  16  21
  --- --- -- --  -- --- -- ---  -- --  --  ---  ---  ----  --- ---  --- --- ----
  AVG  78 42 61  29  73 12 34   66 61  4.9  18  498
  TOT                                                1.15  6.4 5.6  268 373 490
                    
  *****************************************************************************
  *                          ABBREVIATIONS AND UNITS                          *
  *                                                                           *
  *   AIR TEMP : AIR TEMPERATURE IN DEGREES F          MX : MAXIMUM FOR DAY   *
  *   DEW PT   : DEWPOINT IN DEGREES F                 MN : MINIMUM FOR DAY   *
  *   REL HUM  : RELATIVE HUMIDITY IN PERCENT          AV : AVERAGE FOR DAY   *
  *   SOL      : SOLAR RADIATION IN LANGLEYS          TOT : TOTAL FOR MONTH   *
  *   WIND : WIND SPEEDS IN MILES PER HOUR                                    *
  *   SOIL : SOIL TEMPERATURE AT 4 AND 20 INCHES, IN DEGREES F                *
  *   RAIN : RAINFALL IN INCHES                                               *
  *   ETo  : REFERENCE EVAPOTRANSPIRATION IN INCHES                           *
  *      AZ: AZMET ETo   STD: STANDARDIZED PENMAN-MONTEITH ETo                *
  *                                                                           *
  *     ## or 999 : MISSING DATA, ETo & HEAT UNIT TOTALS ARE PRORATED         *
  *            55 : TEMPERATURE LIMITS = 86/55  DEGREES F                     *
  *            50 : TEMPERATURE LIMITS = 86/50  DEGREES F                     *
  *            45 : TEMPERATURE LIMITS = 86/45  DEGREES F                     *
  *****************************************************************************

                 ARIZONA METEOROLOGICAL NETWORK MONTHLY SUMMARY

                                  Queen Creek                                   
                                   April 2022                                   

       AIR TEMP DEW  REL HUM   SOIL T   WIND    SOL  RAIN  ETo ETo  HEAT UNITS
 Apr   MX MN AV  PT  MX MN AV    4 20  AV  MX              AZ  STD   55  50  45
 ---  --- -- -- ---  -- -- --  --- --  --  ---  ---  ----  --- ---  --- --- ---
   1   86 48 68  43  87 12 46   73 65  2.8   9  592  0.00  .22 .19   13  17  22
   2   88 51 70  42  79 14 41   75 66  3.3  14  594  0.00  .24 .20   15  19  24
   3   86 50 69  41  82 14 42   76 67  3.3  12  585  0.00  .23 .20   14  18  23
   4   84 51 68  43  81 19 44   76 67  4.1  16  593  0.00  .24 .21   13  18  23
   5   89 55 73  43  65 17 37   77 68  4.8  16  597  0.00  .26 .24   17  22  27
   6   92 57 76  36  69  6 27   79 69  4.7  18  609  0.00  .28 .25   18  23  28
   7   92 54 76  20  42  4 13   79 70  4.8  21  638  0.00  .31 .27   17  22  27
   8   96 56 77  26  51  4 18   79 70  3.8  17  637  0.00  .30 .25   19  24  29
   9   94 48 74  29  64  5 23   79 71  6.2  23  606  0.00  .31 .30   16  20  25
  10   87 54 74  36  56 13 27   79 71  8.5  23  600  0.00  .28 .30   16  20  25
  11   86 54 73  40  67 16 33   79 71  9.5  24  618  0.00  .32 .30   15  20  25
  12   73 48 64  32  68  8 30   76 71  9.8  22  568  0.00  .28 .24    7  11  15
  13   73 37 57  13  49  6 20   72 70  3.7  16  655  0.00  .25 .19    6   8  11
  14   82 38 62  23  68  4 26   73 69  2.5  11  649  0.00  .24 .19   10  13  16
  15   86 41 67  29  68  7 28   75 69  2.8  13  594  0.00  .24 .20   12  15  19
  16   87 45 69  30  65  8 27   76 69  4.8  19  643  0.00  .29 .25   13  17  21
  17   90 46 72  30  64  7 24   78 70  3.2  12  660  0.00  .28 .23   14  18  22
  18   94 45 72  31  66  5 27   79 70  3.5  13  639  0.00  .28 .24   15  19  23
  19   96 55 76  27  53  5 20   79 71  5.5  22  483  0.00  .26 .28   18  23  28
  20   89 57 75  29  52  7 19   80 71  5.2  16  657  0.00  .32 .27   18  23  28
  21   93 50 74  34  61  7 26   81 72  4.4  19  654  0.00  .30 .26   16  20  25
  22   76 55 67  34  62 15 30   79 72  9.6  26  641  0.00  .32 .28   11  16  21
  23   79 48 65  29  56 11 27   77 72  3.8  16  653  0.00  .26 .21   10  14  19
  24   83 47 68  23  62  7 20   78 72  4.1  16  667  0.00  .29 .23   12  15  20
  25   93 49 72  26  49  4 20   79 72  2.9  14  670  0.00  .29 .23   16  20  25
  26   97 50 77  33  54  6 22   80 72  5.9  21  604  0.00  .31 .31   17  21  26
  27   92 54 74  32  60  6 24   81 73  5.2  29  674  0.00  .32 .29   17  22  27
  28   89 54 73  31  53  6 23   81 73  6.1  24  677  0.00  .33 .29   16  21  26
  29   87 48 70  33  64 11 27   81 73  4.5  15  673  0.00  .29 .25   14  18  22
  30   94 48 75  31  64  5 23   82 73  3.6  13  683  0.00  .30 .26   16  20  25
  --- --- -- --  -- --- -- ---  -- --  --  ---  ---  ----  --- ---  --- --- ----
  AVG  88 50 71  32  63  9 27   78 70  4.9  18  627
  TOT                                                0.00  8.4 7.4  431 557 697
                    
  *****************************************************************************
  *                          ABBREVIATIONS AND UNITS                          *
  *                                                                           *
  *   AIR TEMP : AIR TEMPERATURE IN DEGREES F          MX : MAXIMUM FOR DAY   *
  *   DEW PT   : DEWPOINT IN DEGREES F                 MN : MINIMUM FOR DAY   *
  *   REL HUM  : RELATIVE HUMIDITY IN PERCENT          AV : AVERAGE FOR DAY   *
  *   SOL      : SOLAR RADIATION IN LANGLEYS          TOT : TOTAL FOR MONTH   *
  *   WIND : WIND SPEEDS IN MILES PER HOUR                                    *
  *   SOIL : SOIL TEMPERATURE AT 4 AND 20 INCHES, IN DEGREES F                *
  *   RAIN : RAINFALL IN INCHES                                               *
  *   ETo  : REFERENCE EVAPOTRANSPIRATION IN INCHES                           *
  *      AZ: AZMET ETo   STD: STANDARDIZED PENMAN-MONTEITH ETo                *
  *                                                                           *
  *     ## or 999 : MISSING DATA, ETo & HEAT UNIT TOTALS ARE PRORATED         *
  *            55 : TEMPERATURE LIMITS = 86/55  DEGREES F                     *
  *            50 : TEMPERATURE LIMITS = 86/50  DEGREES F                     *
  *            45 : TEMPERATURE LIMITS = 86/45  DEGREES F                     *
  *****************************************************************************

                 ARIZONA METEOROLOGICAL NETWORK MONTHLY SUMMARY

                                  Queen Creek                                   
                                    May 2022                                    

       AIR TEMP DEW  REL HUM   SOIL T   WIND    SOL  RAIN  ETo ETo  HEAT UNITS
 May   MX MN AV  PT  MX MN AV    4 20  AV  MX              AZ  STD   55  50  45
 ---  --- -- -- ---  -- -- --  --- --  --  ---  ---  ----  --- ---  --- --- ---
   1   94 53 76  30  54  6 20   82 74  7.5  25  681  0.00  .36 .34   17  22  27
   2   91 55 75  37  56 11 26   83 74  3.9  16  670  0.00  .29 .25   17  22  27
   3   89 54 73  41  65 11 34   82 75  6.1  18  567  0.00  .27 .26   16  21  26
   4   88 51 73  37  74  8 30   82 75  4.5  16  690  0.00  .30 .26   15  19  24
   5   95 51 75  33  60  7 24   83 75  3.5  10  696  0.00  .30 .26   17  21  26
   6   97 51 76  39  69  7 29   85 75  3.9  18  693  0.00  .31 .27   17  22  27
   7   97 56 79  37  58  8 24   86 76  5.4  21  674  0.00  .33 .31   19  24  29
   8   91 58 78  39  62 11 26   86 76  7.8  25  692  0.00  .36 .33   19  24  29
   9   87 55 73  38  63 11 30   85 77  4.3  18  695  0.00  .30 .25   16  21  26
  10   91 50 73  36  69  9 28   85 77  3.0  12  696  0.00  .28 .24   15  20  25
  11   87 54 70  34  65 11 28   84 77  4.4  16  629  0.00  .27 .25   16  21  26
  12   85 45 67  25  59  5 22   82 77  2.8   8  728  0.00  .28 .22   12  16  20
  13   94 44 72  30  71  6 26   83 76  2.8  10  724  0.00  .29 .25   15  18  22
  14  102 49 77  37  66  4 27   86 76  2.8  10  727  0.00  .31 .27   18  22  27
  15  104 53 81  38  60  3 23   87 77  3.2  12  720  0.00  .32 .28   19  24  29
  16  103 56 82  38  55  5 23   89 78  4.1  15  721  0.00  .33 .31   20  25  30
  17  100 67 83  37  53  6 21   90 79  3.7  15  722  0.00  .33 .29   24  29  34
  18   98 61 82  41  59  7 26   91 79  3.4  10  722  0.00  .32 .28   22  27  32
  19   97 60 81  40  65  8 26   91 80  4.8  27  716  0.00  .34 .31   21  26  31
  20   94 57 79  38  52 10 25   89 80  9.4  29  700  0.00  .39 .38   19  24  29
  21   92 59 78  44  63 12 31   89 80  4.8  20  711  0.00  .32 .28   19  24  29
  22   94 59 77  41  69  8 31   88 80  4.0  18  652  0.00  .29 .26   20  25  30
  23   91 59 78  35  55  8 23   88 80  5.4  21  717  0.00  .34 .30   19  24  29
  24   94 58 80  35  49  7 22   89 80  4.1  23  729  0.00  .33 .29   20  25  30
  25  100 62 83  37  43  7 20   91 80  3.2  11  722  0.00  .33 .28   22  27  32
  26  103 63 85  39  42  8 20   92 81  3.8  12  717  0.00  .34 .30   23  28  33
  27  104 67 88  39  38  9 19   94 82  4.7  18  703  0.00  .35 .33   25  30  35
  28  101 63 84  31  49  4 18   92 82  7.6  21  695  0.00  .39 .39   23  28  33
  29   92 67 80  38  38 13 22   91 82  7.9  23  710  0.00  .38 .35   23  28  33
  30   93 58 78  41  65 12 29   90 82  6.6  21  712  0.00  .35 .32   19  24  29
  31   98 56 80  39  63 10 26   91 82  3.9  13  715  0.00  .32 .29   19  24  29
  --- --- -- --  -- --- -- ---  -- --  --  ---  ---  ----  --- ---  --- --- ----
  AVG  95 56 78  37  58  8 25   87 78  4.8  17  698
  TOT                                                0.00  10.0 9.0  586 735 888
                    
  *****************************************************************************
  *                          ABBREVIATIONS AND UNITS                          *
  *                                                                           *
  *   AIR TEMP : AIR TEMPERATURE IN DEGREES F          MX : MAXIMUM FOR DAY   *
  *   DEW PT   : DEWPOINT IN DEGREES F                 MN : MINIMUM FOR DAY   *
  *   REL HUM  : RELATIVE HUMIDITY IN PERCENT          AV : AVERAGE FOR DAY   *
  *   SOL      : SOLAR RADIATION IN LANGLEYS          TOT : TOTAL FOR MONTH   *
  *   WIND : WIND SPEEDS IN MILES PER HOUR                                    *
  *   SOIL : SOIL TEMPERATURE AT 4 AND 20 INCHES, IN DEGREES F                *
  *   RAIN : RAINFALL IN INCHES                                               *
  *   ETo  : REFERENCE EVAPOTRANSPIRATION IN INCHES                           *
  *      AZ: AZMET ETo   STD: STANDARDIZED PENMAN-MONTEITH ETo                *
  *                                                                           *
  *     ## or 999 : MISSING DATA, ETo & HEAT UNIT TOTALS ARE PRORATED         *
  *            55 : TEMPERATURE LIMITS = 86/55  DEGREES F                     *
  *            50 : TEMPERATURE LIMITS = 86/50  DEGREES F                     *
  *            45 : TEMPERATURE LIMITS = 86/45  DEGREES F                     *
  *****************************************************************************

                 ARIZONA METEOROLOGICAL NETWORK MONTHLY SUMMARY

                                  Queen Creek                                   
                                   June 2022                                    

       AIR TEMP DEW  REL HUM   SOIL T   WIND    SOL  RAIN  ETo ETo  HEAT UNITS
 Jun   MX MN AV  PT  MX MN AV    4 20  AV  MX              AZ  STD   55  50  45
 ---  --- -- -- ---  -- -- --  --- --  --  ---  ---  ----  --- ---  --- --- ---
   1   99 57 82  37  56  8 23   92 82  3.8  15  727  0.00  .33 .29   20  25  30
   2  102 57 83  37  53  7 22   92 82  3.7  14  731  0.00  .34 .30   20  25  30
   3  102 59 84  39  62  8 23   93 83  5.0  18  704  0.00  .34 .33   21  26  31
   4  100 60 83  40  58  8 25   93 83  4.5  15  705  0.00  .33 .31   21  26  31
   5   98 63 84  46  56 13 28   94 83  4.3  18  705  0.00  .33 .30   22  27  32
   6  101 65 86  49  56 15 30   95 84  3.9  14  708  0.00  .33 .30   24  29  34
   7  103 67 87  52  67 13 32   97 84  4.1  16  713  0.00  .33 .31   25  30  35
   8  105 67 89  54  70 13 33   97 85  3.2  10  638  0.00  .29 .28   25  30  35
   9  104 70 90  56  65 15 31   97 86  3.3  12  608  0.00  .28 .27   26  31  36
  10  106 71 90  58  66 15 36   98 86  4.6  14  666  0.00  .32 .32   27  32  37
  11  108 72 91  58  71 13 35   100 87  4.7  19  705  0.00  .34 .34   27  32  37
  12  108 74 92  56  52 13 30   100 87  5.0  18  686  0.00  .35 .34   28  33  38
  13  103 74 90  52  63 12 29   99 88  6.4  19  697  0.00  .37 .36   28  33  38
  14  103 64 85  50  66  8 33   98 88  4.6  17  722  0.00  .34 .32   23  28  33
  15  106 65 87  40  55  3 21   98 88  3.4  10  741  0.00  .34 .30   24  29  34
  16  110 62 88  46  62  7 25   98 88  3.8  10  707  0.00  .34 .32   23  28  33
  17  105 74 91  52  51 11 27   99 88  5.8  25  536  0.00  .29 .32   28  33  38
  18   88 72 79  66  92 33 66   91 88  5.7  21  223  0.40  .09 .15   25  30  35
  19   98 68 83  59  94 12 50   91 86  4.2  18  714  0.01  .31 .29   25  30  35
  20  100 62 82  51  86  8 39   92 85  3.2  11  736  0.00  .32 .28   22  27  32
  21  107 69 85  57  75 10 41   93 85  4.2  20  500  0.00  .22 .27   26  31  36
  22  104 74 90  60  67 20 39   97 85  4.9  19  705  0.00  .33 .32   28  33  38
  23  108 76 89  62  74 16 42   97 86  5.2  37  554  0.08  .28 .31   29  34  39
  24  104 72 89  61  83 18 42   95 87  4.0  16  635  0.00  .29 .29   27  32  37
  25  102 73 87  63  87 19 48   93 86  4.4  23  465  0.14  .21 .25   27  32  37
  26  102 74 86  64  90 22 52   95 86  5.2  30  593  0.26  .29 .29   27  32  37
  27  101 72 87  65  95 24 52   94 86  4.3  15  680  0.00  .29 .29   26  31  36
  28  105 77 93  61  66 19 35   98 86  5.1  14  699  0.00  .34 .33   29  34  39
  29  107 76 90  64  75 19 44   99 87  5.0  27  610  0.00  .30 .31   28  33  38
  30  102 74 88  64  77 25 47   98 88  3.8  13  592  0.00  .26 .27   28  33  38
  --- --- -- --  -- --- -- ---  -- --  --  ---  ---  ----  --- ---  --- --- ----
  AVG 103 69 87  54  70 14 36   96 86  4.4  18  647
  TOT                                                0.89  9.1 9.0  759 9091,059
                    
  *****************************************************************************
  *                          ABBREVIATIONS AND UNITS                          *
  *                                                                           *
  *   AIR TEMP : AIR TEMPERATURE IN DEGREES F          MX : MAXIMUM FOR DAY   *
  *   DEW PT   : DEWPOINT IN DEGREES F                 MN : MINIMUM FOR DAY   *
  *   REL HUM  : RELATIVE HUMIDITY IN PERCENT          AV : AVERAGE FOR DAY   *
  *   SOL      : SOLAR RADIATION IN LANGLEYS          TOT : TOTAL FOR MONTH   *
  *   WIND : WIND SPEEDS IN MILES PER HOUR                                    *
  *   SOIL : SOIL TEMPERATURE AT 4 AND 20 INCHES, IN DEGREES F                *
  *   RAIN : RAINFALL IN INCHES                                               *
  *   ETo  : REFERENCE EVAPOTRANSPIRATION IN INCHES                           *
  *      AZ: AZMET ETo   STD: STANDARDIZED PENMAN-MONTEITH ETo                *
  *                                                                           *
  *     ## or 999 : MISSING DATA, ETo & HEAT UNIT TOTALS ARE PRORATED         *
  *            55 : TEMPERATURE LIMITS = 86/55  DEGREES F                     *
  *            50 : TEMPERATURE LIMITS = 86/50  DEGREES F                     *
  *            45 : TEMPERATURE LIMITS = 86/45  DEGREES F                     *
  *****************************************************************************

                 ARIZONA METEOROLOGICAL NETWORK MONTHLY SUMMARY

                                  Queen Creek                                   
                                   July 2022                                    

       AIR TEMP DEW  REL HUM   SOIL T   WIND    SOL  RAIN  ETo ETo  HEAT UNITS
 Jul   MX MN AV  PT  MX MN AV    4 20  AV  MX              AZ  STD   55  50  45
 ---  --- -- -- ---  -- -- --  --- --  --  ---  ---  ----  --- ---  --- --- ---
   1  105 76 91  62  72 18 40   100 88  6.1  25  695  0.00  .35 .35   28  33  38
   2  103 79 91  61  67 17 39   100 89  3.8  13  622  0.00  .29 .28   29  34  39
   3  106 74 92  56  73 14 34   100 89  5.5  18  689  0.00  .35 .35   28  33  38
   4  103 75 91  55  60 17 30   101 89  4.1  15  666  0.00  .32 .30   28  33  38
   5  102 75 91  55  53 20 30   101 90  3.9  18  565  0.00  .27 .27   28  33  38
   6  106 72 89  47  59 10 26   100 90  4.0  21  715  0.00  .35 .32   27  32  37
   7  104 68 89  48  53 11 26   99 90  4.3  15  712  0.00  .35 .31   25  30  35
   8  108 74 93  49  47 12 24   100 90  4.6  16  692  0.00  .36 .33   28  33  38
   9  110 78 95  52  43 10 25   102 90  5.9  28  694  0.00  .37 .38   29  34  39
  10  110 80 95  59  60 15 32   104 90  4.0  19  675  0.00  .33 .32   30  35  40
  11  110 78 96  57  61 13 28   104 91  6.0  20  678  0.00  .37 .37   29  34  39
  12  109 80 96  58  55 15 30   105 92  4.8  24  641  0.00  .33 .33   30  35  40
  13  109 83 96  62  61 18 34   105 92  4.0  19  649  0.00  .32 .31   30  35  40
  14  109 83 94  65  75 18 40   106 93  4.4  30  636  0.00  .31 .32   31  36  41
  15  108 81 93  68  76 20 47   105 93  4.7  13  672  0.00  .32 .32   30  35  40
  16  106 80 93  65  68 19 41   106 93  5.4  20  653  0.00  .33 .33   30  35  40
  17  108 76 92  66  75 19 45   106 93  4.8  26  674  0.00  .32 .33   29  34  39
  18  102 80 92  68  75 28 47   105 94  3.6  15  672  0.00  .31 .29   30  35  40
  19  106 80 94  66  73 24 42   105 94  5.2  17  663  0.00  .33 .32   30  35  40
  20  104 84 93  66  64 26 41   105 94  4.8  13  587  0.00  .29 .30   31  36  41
  21  103 82 93  67  65 25 42   105 94  5.4  19  599  0.00  .29 .30   30  35  40
  22  108 82 96  64  64 18 37   105 94  4.0  13  562  0.00  .28 .29   30  35  40
  23  103 76 91  68  90 24 48   104 94  5.6  28  583  0.00  .28 .29   28  33  38
  24   98 73 84  69  91 32 62   100 94  6.6  36  484  0.06  .22 .25   27  32  37
  25   95 76 85  68  85 34 58   100 93  5.0  24  617  0.00  .27 .26   28  33  38
  26   96 75 85  70  86 37 62   99 92  3.6  19  457  0.01  .19 .20   28  33  38
  27   96 77 85  70  85 41 61   100 92  4.4  17  575  0.00  .24 .25   28  33  38
  28   88 76 82  73  91 51 74   94 91  3.6  16  272  0.39  .10 .13   27  32  37
  29   98 76 84  69  93 28 63   92 90  2.7  13  393  0.00  .15 .18   28  33  38
  30  101 75 85  72  90 30 68   97 89  3.8  24  569  0.02  .24 .25   28  33  38
  31  100 75 87  71  93 30 62   98 89  4.3  20  641  0.00  .28 .27   28  33  38
  --- --- -- --  -- --- -- ---  -- --  --  ---  ---  ----  --- ---  --- --- ----
  AVG 104 77 91  63  71 22 43   102 91  4.6  20  613
  TOT                                                0.48  9.1 9.1  890 1,0451,200
                    
  *****************************************************************************
  *                          ABBREVIATIONS AND UNITS                          *
  *                                                                           *
  *   AIR TEMP : AIR TEMPERATURE IN DEGREES F          MX : MAXIMUM FOR DAY   *
  *   DEW PT   : DEWPOINT IN DEGREES F                 MN : MINIMUM FOR DAY   *
  *   REL HUM  : RELATIVE HUMIDITY IN PERCENT          AV : AVERAGE FOR DAY   *
  *   SOL      : SOLAR RADIATION IN LANGLEYS          TOT : TOTAL FOR MONTH   *
  *   WIND : WIND SPEEDS IN MILES PER HOUR                                    *
  *   SOIL : SOIL TEMPERATURE AT 4 AND 20 INCHES, IN DEGREES F                *
  *   RAIN : RAINFALL IN INCHES                                               *
  *   ETo  : REFERENCE EVAPOTRANSPIRATION IN INCHES                           *
  *      AZ: AZMET ETo   STD: STANDARDIZED PENMAN-MONTEITH ETo                *
  *                                                                           *
  *     ## or 999 : MISSING DATA, ETo & HEAT UNIT TOTALS ARE PRORATED         *
  *            55 : TEMPERATURE LIMITS = 86/55  DEGREES F                     *
  *            50 : TEMPERATURE LIMITS = 86/50  DEGREES F                     *
  *            45 : TEMPERATURE LIMITS = 86/45  DEGREES F                     *
  *****************************************************************************

                 ARIZONA METEOROLOGICAL NETWORK MONTHLY SUMMARY

                                  Queen Creek                                   
                                  August 2022                                   

       AIR TEMP DEW  REL HUM   SOIL T   WIND    SOL  RAIN  ETo ETo  HEAT UNITS
 Aug   MX MN AV  PT  MX MN AV    4 20  AV  MX              AZ  STD   55  50  45
 ---  --- -- -- ---  -- -- --  --- --  --  ---  ---  ----  --- ---  --- --- ---
   1  102 76 89  69  89 30 54   101 89  3.8  12  655  0.00  .28 .28   28  33  38
   2  104 78 91  68  79 26 49   102 90  3.2  13  568  0.00  .26 .25   29  34  39
   3   97 76 87  67  90 33 54   97 91  3.5  20  428  0.10  .19 .20   28  33  38
   4   93 72 83  70  97 37 65   96 90  5.2  25  602  0.49  .25 .24   26  31  36
   5  101 75 88  68  96 26 56   97 89  1.9  11  618  0.00  .26 .23   28  33  38
   6  105 78 92  66  83 20 46   100 89  4.1  26  638  0.00  .30 .29   29  34  39
   7  103 77 90  63  84 22 44   100 90  6.8  22  582  0.00  .30 .32   29  34  39
   8  103 79 91  65  76 24 44   101 90  4.7  28  626  0.00  .29 .29   29  34  39
   9  100 72 85  69  95 28 64   98 91  4.5  32  556  0.23  .23 .25   26  31  36
  10  102 76 88  67  82 24 52   98 90  5.2  22  546  0.00  .25 .27   28  33  38
  11  101 76 90  66  86 28 47   100 90  4.9  20  623  0.00  .29 .29   28  33  38
  12  103 76 86  70  90 28 63   98 90  5.4  33  435  0.10  .21 .24   28  33  38
  13  102 75 87  68  95 24 58   96 90  4.3  27  582  0.09  .26 .26   28  33  38
  14  100 77 84  70  88 34 65   95 89  4.7  29  505  0.01  .22 .24   28  33  38
  15   99 75 86  69  90 27 59   97 89  3.2  14  623  0.00  .26 .25   27  32  37
  16  103 76 89  67  80 26 51   99 89  3.9  11  578  0.00  .26 .26   28  33  38
  17  103 76 88  68  92 24 55   98 89  5.2  41  475  0.18  .22 .25   28  33  38
  18  102 75 86  71  98 28 67   96 89  3.4  32  592  0.01  .24 .24   28  33  38
  19   96 71 79  73  99 40 83   91 89  4.1  31  352  1.16  .14 .16   26  31  36
  20   90 76 81  74  98 53 82   88 88  4.0  17  380  0.00  .13 .16   27  32  37
  21   95 74 82  70  93 41 71   91 86  4.1  24  518  0.00  .20 .21   27  32  37
  22   98 74 85  69  91 31 62   94 86  2.8  11  585  0.00  .23 .23   27  32  37
  23  103 78 88  68  84 26 54   97 87  4.3  18  601  0.00  .27 .27   29  34  39
  24   99 74 87  66  77 32 52   95 88  4.9  15  492  0.00  .22 .24   27  32  37
  25  101 76 89  69  81 30 54   97 88  3.7  13  524  0.00  .23 .23   28  33  38
  26  102 77 89  70  84 29 55   98 88  3.4  14  570  0.00  .25 .24   28  33  38
  27  102 78 87  67  78 29 53   98 89  4.3  26  504  0.00  .23 .24   29  34  39
  28   99 77 88  68  82 32 53   98 89  3.5  13  587  0.00  .26 .24   28  33  38
  29  102 77 89  68  76 26 51   99 89  3.9  13  585  0.00  .27 .25   29  34  39
  30  109 75 92  64  76 15 43   99 89  5.9  21  593  0.00  .30 .32   28  33  38
  31  105 73 90  61  68 18 40   100 90  4.5  14  592  0.00  .28 .28   27  32  37
  --- --- -- --  -- --- -- ---  -- --  --  ---  ---  ----  --- ---  --- --- ----
  AVG 101 76 87  68  86 29 56   97 89  4.2  21  552
  TOT                                                2.37  7.6 7.7  863 1,0181,173
                    
  *****************************************************************************
  *                          ABBREVIATIONS AND UNITS                          *
  *                                                                           *
  *   AIR TEMP : AIR TEMPERATURE IN DEGREES F          MX : MAXIMUM FOR DAY   *
  *   DEW PT   : DEWPOINT IN DEGREES F                 MN : MINIMUM FOR DAY   *
  *   REL HUM  : RELATIVE HUMIDITY IN PERCENT          AV : AVERAGE FOR DAY   *
  *   SOL      : SOLAR RADIATION IN LANGLEYS          TOT : TOTAL FOR MONTH   *
  *   WIND : WIND SPEEDS IN MILES PER HOUR                                    *
  *   SOIL : SOIL TEMPERATURE AT 4 AND 20 INCHES, IN DEGREES F                *
  *   RAIN : RAINFALL IN INCHES                                               *
  *   ETo  : REFERENCE EVAPOTRANSPIRATION IN INCHES                           *
  *      AZ: AZMET ETo   STD: STANDARDIZED PENMAN-MONTEITH ETo                *
  *                                                                           *
  *     ## or 999 : MISSING DATA, ETo & HEAT UNIT TOTALS ARE PRORATED         *
  *            55 : TEMPERATURE LIMITS = 86/55  DEGREES F                     *
  *            50 : TEMPERATURE LIMITS = 86/50  DEGREES F                     *
  *            45 : TEMPERATURE LIMITS = 86/45  DEGREES F                     *
  *****************************************************************************

                 ARIZONA METEOROLOGICAL NETWORK MONTHLY SUMMARY

                                  Queen Creek                                   
                                 September 2022                                 

       AIR TEMP DEW  REL HUM   SOIL T   WIND    SOL  RAIN  ETo ETo  HEAT UNITS
 Sep   MX MN AV  PT  MX MN AV    4 20  AV  MX              AZ  STD   55  50  45
 ---  --- -- -- ---  -- -- --  --- --  --  ---  ---  ----  --- ---  --- --- ---
   1  105 76 89  65  81 23 46   99 90  4.9  54  571  0.23  .27 .28   28  33  38
   2  105 77 87  69  91 24 59   96 90  3.5  35  570  0.07  .24 .25   29  34  39
   3  102 78 89  67  84 23 52   94 89  6.0  20  566  0.00  .29 .28   29  34  39
   4  104 78 91  60  66 16 37   96 89  4.9  18  577  0.00  .30 .29   29  34  39
   5  108 72 91  57  69 16 34   96 89  3.9  17  575  0.00  .28 .27   27  32  37
   6  106 72 90  55  64 14 33   97 89  6.1  18  569  0.00  .32 .32   27  32  37
   7  106 74 89  57  74 14 37   97 89  4.2  16  557  0.00  .28 .27   28  33  38
   8  102 79 89  63  73 19 45   96 89  3.0  13  404  0.00  .19 .20   29  34  39
   9   99 71 83  64  97 28 56   95 89  4.8  26  428  0.38  .20 .22   26  31  36
  10   93 71 81  70  99 40 71   91 88  1.9  10  491  0.16  .18 .17   25  30  35
  11  102 71 85  69  98 27 64   92 87  3.9  49  534  0.87  .22 .23   26  31  36
  12   96 73 82  69  97 37 68   90 87  3.2  16  538  0.00  .21 .21   27  32  37
  13   94 72 82  66  87 29 61   90 86  4.2  15  538  0.00  .23 .22   26  31  36
  14   96 69 82  63  89 21 55   91 86  3.4  13  540  0.00  .23 .21   25  30  35
  15   95 67 82  61  86 23 52   91 86  2.7  13  540  0.00  .22 .20   24  29  34
  16   95 67 82  60  88 20 51   91 86  3.5  13  540  0.00  .23 .21   24  29  34
  17   98 65 81  53  82 11 43   90 86  4.6  16  554  0.00  .26 .24   23  28  33
  18  101 61 82  52  76 14 38   90 85  2.7  11  541  0.00  .23 .21   22  27  32
  19  103 66 86  58  70 20 41   92 85  3.8  16  521  0.00  .24 .23   24  29  34
  20   97 74 85  66  94 34 54   93 85  3.9  36  479  0.12  .21 .20   27  32  37
  21   91 73 79  73  99 44 82   89 86  3.6  15  336  0.02  .12 .14   26  31  36
  22   95 73 82  72  99 42 73   90 85  2.7  13  466  0.00  .18 .17   26  31  36
  23   99 73 83  68  87 32 61   91 85  2.9  24  425  0.00  .17 .18   27  32  37
  24   99 70 84  64  85 23 54   92 85  2.2   7  506  0.00  .22 .18   26  31  36
  25  102 68 84  55  77 11 41   92 85  2.7  11  519  0.00  .22 .20   25  30  35
  26  102 68 86  56  76 18 39   91 85  6.7  27  502  0.00  .27 .28   25  30  35
  27  100 79 89  52  49 15 29   92 85  7.4  23  494  0.00  .30 .31   29  34  39
  28   99 70 83  57  67 20 43   89 85  4.7  18  346  0.00  .20 .20   26  31  36
  29   98 66 80  57  83 17 48   88 84  3.8  17  410  0.00  .19 .19   24  29  34
  30   96 63 79  55  81 18 47   88 84  3.4  18  486  0.00  .20 .19   22  27  32
  --- --- -- --  -- --- -- ---  -- --  --  ---  ---  ----  --- ---  --- --- ----
  AVG 100 71 85  62  82 23 50   92 87  4.0  20  504
  TOT                                                1.85  6.9 6.8  781 9311,081
                    
  *****************************************************************************
  *                          ABBREVIATIONS AND UNITS                          *
  *                                                                           *
  *   AIR TEMP : AIR TEMPERATURE IN DEGREES F          MX : MAXIMUM FOR DAY   *
  *   DEW PT   : DEWPOINT IN DEGREES F                 MN : MINIMUM FOR DAY   *
  *   REL HUM  : RELATIVE HUMIDITY IN PERCENT          AV : AVERAGE FOR DAY   *
  *   SOL      : SOLAR RADIATION IN LANGLEYS          TOT : TOTAL FOR MONTH   *
  *   WIND : WIND SPEEDS IN MILES PER HOUR                                    *
  *   SOIL : SOIL TEMPERATURE AT 4 AND 20 INCHES, IN DEGREES F                *
  *   RAIN : RAINFALL IN INCHES                                               *
  *   ETo  : REFERENCE EVAPOTRANSPIRATION IN INCHES                           *
  *      AZ: AZMET ETo   STD: STANDARDIZED PENMAN-MONTEITH ETo                *
  *                                                                           *
  *     ## or 999 : MISSING DATA, ETo & HEAT UNIT TOTALS ARE PRORATED         *
  *            55 : TEMPERATURE LIMITS = 86/55  DEGREES F                     *
  *            50 : TEMPERATURE LIMITS = 86/50  DEGREES F                     *
  *            45 : TEMPERATURE LIMITS = 86/45  DEGREES F                     *
  *****************************************************************************

                 ARIZONA METEOROLOGICAL NETWORK MONTHLY SUMMARY

                                  Queen Creek                                   
                                  October 2022                                  

       AIR TEMP DEW  REL HUM   SOIL T   WIND    SOL  RAIN  ETo ETo  HEAT UNITS
 Oct   MX MN AV  PT  MX MN AV    4 20  AV  MX              AZ  STD   55  50  45
 ---  --- -- -- ---  -- -- --  --- --  --  ---  ---  ----  --- ---  --- --- ---
   1   94 66 80  57  77 25 49   89 84  3.6  11  483  0.00  .20 .19   23  28  33
   2   95 67 82  58  78 23 48   89 84  3.4  13  463  0.00  .19 .18   24  29  34
   3   98 66 81  56  72 20 44   89 84  5.4  32  425  0.00  .20 .23   24  29  34
   4   92 62 76  56  86 27 52   87 83  3.6  15  401  0.00  .17 .17   21  26  31
   5   93 62 77  55  81 23 50   87 83  2.7   9  472  0.00  .19 .17   21  26  31
   6   93 65 78  54  73 22 45   86 82  4.9  25  470  0.00  .21 .21   22  27  32
   7   93 61 76  56  91 23 53   85 82  4.7  26  451  0.17  .19 .19   21  26  31
   8   89 62 74  58  92 28 62   81 82  5.4  23  401  0.07  .16 .18   20  25  30
   9   88 58 74  55  94 25 57   80 80  3.1  14  457  0.00  .18 .15   18  23  28
  10   90 60 75  55  88 22 53   82 79  2.2  10  451  0.00  .17 .14   19  24  29
  11   92 61 76  54  84 22 51   82 79  2.5  12  450  0.00  .17 .15   20  25  30
  12   93 60 76  53  80 21 48   83 79  2.7   8  448  0.00  .17 .16   20  25  30
  13   96 62 77  49  75 13 41   83 79  2.7   8  448  0.00  .18 .16   22  27  32
  14   97 59 78  47  70 15 38   82 79  2.9  11  381  0.00  .16 .16   21  26  31
  15   84 63 70  59  98 34 69   79 79  4.9  41  266  0.79  .09 .13   18  23  28
  16   76 59 66  60 100 44 84   74 78  3.1  14  259  0.11  .07 .09   13  18  23
  17   84 54 69  53  98 27 62   74 76  3.1  13  430  0.00  .17 .14   14  19  24
  18   84 58 73  50  85 25 47   76 75  5.8  22  429  0.00  .21 .18   16  21  26
  19   87 60 74  45  75 20 38   76 75  6.9  23  425  0.00  .23 .21   19  24  29
  20   92 57 74  47  73 16 41   77 75  2.0  11  415  0.00  .16 .13   19  24  29
  21   90 58 73  53  82 26 52   78 75  2.7  10  413  0.00  .15 .14   18  23  28
  22   86 63 74  57  82 32 57   79 75  7.8  26  381  0.00  .19 .19   20  25  30
  23   75 59 68  50  76 24 54   77 75  8.5  21  338  0.00  .15 .16   12  17  22
  24   71 49 60  28  57 16 30   73 75  5.1  16  425  0.00  .17 .15    6  10  15
  25   76 42 57  33  75 14 45   70 73  2.0   9  419  0.00  .13 .10    8  11  14
  26   79 41 60  35  83 11 44   69 72  2.2   7  409  0.00  .13 .11    9  12  16
  27   76 43 61  32  79 10 38   69 71  4.9  16  403  0.00  .16 .15    8  11  15
  28   79 46 64  26  60 11 25   69 71  5.8  20  411  0.00  .20 .18   10  13  17
  29   82 48 64  36  70 13 39   69 70  1.8   8  402  0.00  .14 .10   11  15  20
  30   79 44 60  39  78 20 48   69 70  2.9  10  343  0.00  .12 .11    9  13  16
  31   83 42 62  36  83 14 43   69 69  2.2   8  393  0.00  .13 .11   11  14  18
  --- --- -- --  -- --- -- ---  -- --  --  ---  ---  ----  --- ---  --- --- ----
  AVG  87 57 71  48  80 21 49   78 77  3.9  16  412
  TOT                                                1.14  5.1 4.8  517 659 806
                    
  *****************************************************************************
  *                          ABBREVIATIONS AND UNITS                          *
  *                                                                           *
  *   AIR TEMP : AIR TEMPERATURE IN DEGREES F          MX : MAXIMUM FOR DAY   *
  *   DEW PT   : DEWPOINT IN DEGREES F                 MN : MINIMUM FOR DAY   *
  *   REL HUM  : RELATIVE HUMIDITY IN PERCENT          AV : AVERAGE FOR DAY   *
  *   SOL      : SOLAR RADIATION IN LANGLEYS          TOT : TOTAL FOR MONTH   *
  *   WIND : WIND SPEEDS IN MILES PER HOUR                                    *
  *   SOIL : SOIL TEMPERATURE AT 4 AND 20 INCHES, IN DEGREES F                *
  *   RAIN : RAINFALL IN INCHES                                               *
  *   ETo  : REFERENCE EVAPOTRANSPIRATION IN INCHES                           *
  *      AZ: AZMET ETo   STD: STANDARDIZED PENMAN-MONTEITH ETo                *
  *                                                                           *
  *     ## or 999 : MISSING DATA, ETo & HEAT UNIT TOTALS ARE PRORATED         *
  *            55 : TEMPERATURE LIMITS = 86/55  DEGREES F                     *
  *            50 : TEMPERATURE LIMITS = 86/50  DEGREES F                     *
  *            45 : TEMPERATURE LIMITS = 86/45  DEGREES F                     *
  *****************************************************************************

                 ARIZONA METEOROLOGICAL NETWORK MONTHLY SUMMARY

                                  Queen Creek                                   
                                 November 2022                                  

       AIR TEMP DEW  REL HUM   SOIL T   WIND    SOL  RAIN  ETo ETo  HEAT UNITS
 Nov   MX MN AV  PT  MX MN AV    4 20  AV  MX              AZ  STD   55  50  45
 ---  --- -- -- ---  -- -- --  --- --  --  ---  ---  ----  --- ---  --- --- ---
   1   80 46 61  40  78 17 49   68 69  2.9   8  223  0.00  .07 .10   10  14  18
   2   79 45 64  45  78 30 52   68 69  6.5  22  343  0.00  .15 .15   10  13  17
   3   64 39 53  38  86 33 57   66 68  7.6  37  158  0.00  .07 .10    2   5   8
   4   63 34 49  35  96 30 63   62 67  2.2   9  375  0.00  .09 .07    2   4   7
   5   70 36 53  36  93 27 56   62 66  2.2   8  368  0.00  .10 .08    5   7  10
   6   80 37 58  36  88 18 51   64 65  2.0  10  372  0.00  .12 .09    9  12  15
   7   83 43 60  39  80 16 50   65 65  2.9  11  337  0.00  .12 .11   11  15  18
   8   80 42 60  40  83 24 50   66 65  4.0  13  364  0.00  .13 .12    9  13  16
   9   72 46 57  49  99 46 77   64 65  6.5  24  216  0.20  .07 .09    6   9  14
  10   67 43 55  46 100 32 73   63 65  3.1  12  348  0.00  .10 .08    4   7  10
  11   68 37 51  36  97 18 62   60 64  3.4  10  359  0.00  .11 .09    4   6   9
  12   75 37 54  36  89 22 56   60 63  2.0   8  352  0.00  .10 .08    7   9  13
  13   67 37 51  34  91 21 55   59 62  4.9  18  351  0.00  .12 .10    3   6   9
  14   69 34 50  30  82 20 51   58 62  2.5   9  351  0.00  .10 .08    4   6   9
  15   70 33 50  32  86 19 53   57 61  2.7   8  343  0.00  .10 .08    4   7  10
  16   68 36 53  19  69 10 28   58 61  4.0  14  353  0.00  .13 .11    4   6   9
  17   72 46 58  26  55 14 30   59 60  4.9  18  345  0.00  .14 .13    6   9  14
  18   73 38 54  32  75 18 45   59 60  1.8  10  335  0.00  .11 .07    6   9  12
  19   73 38 56  32  70 21 42   59 60  3.8  16  324  0.00  .11 .10    6   8  12
  20   71 47 59  32  58 24 38   61 60  4.3  17  326  0.00  .11 .11    6   9  14
  21   72 36 56  31  76 20 40   60 60  2.5  11  326  0.00  .10 .08    5   8  11
  22   75 39 55  31  71 18 41   59 60  2.5   8  282  0.00  .09 .08    7  10  13
  23   71 37 53  32  73 23 47   59 60  2.5   9  325  0.00  .09 .08    5   7  11
  24   69 34 53  25  83 14 39   57 60  4.5  17  326  0.00  .13 .11    4   6   9
  25   69 38 53  24  67 15 34   57 59  3.8  15  325  0.00  .11 .10    4   7  10
  26   69 33 50  24  75 15 42   56 59  2.5   9  324  0.00  .09 .08    4   6   9
  27   71 32 50  23  75 14 39   55 58  2.5   7  322  0.00  .09 .08    4   7   9
  28   73 34 52  26  73 14 40   56 58  3.1  13  278  0.00  .10 .09    5   8  11
  29   68 39 53  37  83 33 53   57 58  3.1   9  294  0.00  .09 .07    4   7  10
  30   76 36 54  36  89 20 54   57 58  2.2  13  289  0.00  .09 .08    7  10  13
  --- --- -- --  -- --- -- ---  -- --  --  ---  ---  ----  --- ---  --- --- ----
  AVG  72 38 55  33  81 22 49   60 62  3.4  13  321
  TOT                                                0.20  3.1 2.8  167 250 350
                    
  *****************************************************************************
  *                          ABBREVIATIONS AND UNITS                          *
  *                                                                           *
  *   AIR TEMP : AIR TEMPERATURE IN DEGREES F          MX : MAXIMUM FOR DAY   *
  *   DEW PT   : DEWPOINT IN DEGREES F                 MN : MINIMUM FOR DAY   *
  *   REL HUM  : RELATIVE HUMIDITY IN PERCENT          AV : AVERAGE FOR DAY   *
  *   SOL      : SOLAR RADIATION IN LANGLEYS          TOT : TOTAL FOR MONTH   *
  *   WIND : WIND SPEEDS IN MILES PER HOUR                                    *
  *   SOIL : SOIL TEMPERATURE AT 4 AND 20 INCHES, IN DEGREES F                *
  *   RAIN : RAINFALL IN INCHES                                               *
  *   ETo  : REFERENCE EVAPOTRANSPIRATION IN INCHES                           *
  *      AZ: AZMET ETo   STD: STANDARDIZED PENMAN-MONTEITH ETo                *
  *                                                                           *
  *     ## or 999 : MISSING DATA, ETo & HEAT UNIT TOTALS ARE PRORATED         *
  *            55 : TEMPERATURE LIMITS = 86/55  DEGREES F                     *
  *            50 : TEMPERATURE LIMITS = 86/50  DEGREES F                     *
  *            45 : TEMPERATURE LIMITS = 86/45  DEGREES F                     *
  *****************************************************************************

                 ARIZONA METEOROLOGICAL NETWORK MONTHLY SUMMARY

                                  Queen Creek                                   
                                 December 2022                                  

       AIR TEMP DEW  REL HUM   SOIL T   WIND    SOL  RAIN  ETo ETo  HEAT UNITS
 Dec   MX MN AV  PT  MX MN AV    4 20  AV  MX              AZ  STD   55  50  45
 ---  --- -- -- ---  -- -- --  --- --  --  ---  ---  ----  --- ---  --- --- ---
   1   75 38 56  36  81 26 50   58 58  2.9  11  283  0.00  .09 .08    7  10  13
   2   73 45 56  39  78 27 54   60 58  2.7   8  291  0.00  .08 .08    7  10  14
   3   58 42 51  47 100 42 82   56 58  2.9  12   35  1.30  .00 .02    1   3   6
   4   64 56 60  59 100 93 98   59 58  1.8  12   54  0.68  .00 .02    5  10  15
   5   71 53 61  57 100 52 87   62 58  1.6  10  234  0.00  .06 .05    8  12  17
   6   69 48 57  53 100 53 87   60 59  2.5  11  219  0.00  .06 .05    5   9  14
   7   65 44 53  49 100 54 84   57 58  3.1  10  223  0.00  .05 .05    3   6   9
   8   68 38 51  43 100 34 77   55 58  1.8  10  305  0.00  .09 .05    4   6   9
   9   64 42 50  42  98 33 75   54 57  3.1  11  294  0.00  .09 .06    3   5   9
  10   68 35 49  40  99 34 76   52 56  2.0   6  303  0.00  .08 .06    4   6   9
  11   71 35 51  39  99 21 67   52 55  3.6  11  301  0.00  .09 .08    5   7  10
  12   57 43 49  40  97 41 74   52 55  5.8  29  193  0.28  .05 .06    0   2   5
  13   53 36 44  39  99 47 83   51 54  2.9  12  239  0.00  .06 .04    0   1   3
  14   54 32 42  35  99 41 78   48 53  2.2   8  290  0.00  .06 .04    0   1   2
  15   55 30 42  35  99 39 78   47 52  1.8   7  288  0.00  .06 .04    0   1   3
  16   57 33 44  33  98 29 69   47 51  2.9  14  247  0.00  .06 .05    0   2   4
  17   61 28 44  26  86 19 52   46 51  2.7  13  295  0.00  .08 .06    1   3   5
  18   60 35 47  36  97 36 68   48 50  2.5  10  197  0.00  .05 .05    1   3   5
  19   63 31 45  35  99 29 72   48 50  2.0   7  289  0.00  .07 .05    2   4   6
  20   62 33 46  36  96 36 73   48 50  2.7   8  239  0.00  .06 .05    1   3   6
  21   62 31 45  36  97 37 73   48 50  2.5   9  294  0.00  .07 .05    2   3   6
  22   66 32 47  35  96 27 68   48 50  1.3   5  285  0.00  .07 .05    3   5   8
  23   68 35 49  36  92 25 66   50 50  2.0   7  271  0.00  .07 .06    4   6   9
  24   68 35 50  36  94 26 62   50 50  2.0  10  288  0.00  .08 .06    4   6   9
  25   73 35 54  37  94 23 57   52 50  2.7   9  288  0.00  .09 .07    5   8  11
  26   74 35 52  39  93 25 63   53 51  2.9   9  282  0.00  .09 .08    6   9  12
  27   75 39 57  41  91 21 58   54 51  2.2   8  242  0.00  .07 .07    7  10  13
  28   60 47 52  48  99 43 87   55 52  4.0  15   59  0.32  .00 .03    1   4   8
  29   61 39 52  47  99 58 83   53 52  2.9  10  174  0.01  .04 .04    2   4   7
  30   62 51 55  52 100 63 90   56 52  1.8   8  162  0.16  .03 .04    3   7  12
  31   67 43 55  49 100 52 83   56 53  3.1  11  265  0.00  .06 .05    4   7  10
  --- --- -- --  -- --- -- ---  -- --  --  ---  ---  ----  --- ---  --- --- ----
  AVG  65 39 51  41  96 38 73   53 54  2.6  10  240
  TOT                                                2.75  1.9 1.6   98 173 269
                    
  *****************************************************************************
  *                          ABBREVIATIONS AND UNITS                          *
  *                                                                           *
  *   AIR TEMP : AIR TEMPERATURE IN DEGREES F          MX : MAXIMUM FOR DAY   *
  *   DEW PT   : DEWPOINT IN DEGREES F                 MN : MINIMUM FOR DAY   *
  *   REL HUM  : RELATIVE HUMIDITY IN PERCENT          AV : AVERAGE FOR DAY   *
  *   SOL      : SOLAR RADIATION IN LANGLEYS          TOT : TOTAL FOR MONTH   *
  *   WIND : WIND SPEEDS IN MILES PER HOUR                                    *
  *   SOIL : SOIL TEMPERATURE AT 4 AND 20 INCHES, IN DEGREES F                *
  *   RAIN : RAINFALL IN INCHES                                               *
  *   ETo  : REFERENCE EVAPOTRANSPIRATION IN INCHES                           *
  *      AZ: AZMET ETo   STD: STANDARDIZED PENMAN-MONTEITH ETo                *
  *                                                                           *
  *     ## or 999 : MISSING DATA, ETo & HEAT UNIT TOTALS ARE PRORATED         *
  *            55 : TEMPERATURE LIMITS = 86/55  DEGREES F                     *
  *            50 : TEMPERATURE LIMITS = 86/50  DEGREES F                     *
  *            45 : TEMPERATURE LIMITS = 86/45  DEGREES F                     *
  *****************************************************************************
