
                 ARIZONA METEOROLOGICAL NETWORK MONTHLY SUMMARY

                                  Queen Creek                                   
                                  January 2023                                  

       AIR TEMP DEW  REL HUM   SOIL T   WIND    SOL  RAIN  ETo ETo  HEAT UNITS
 Jan   MX MN AV  PT  MX MN AV    4 20  AV  MX              AZ  STD   55  50  45
 ---  --- -- -- ---  -- -- --  --- --  --  ---  ---  ----  --- ---  --- --- ---
   1   58 43 52  49  98 67 88   53 53  6.0  25   25  1.57  .00 .02    1   3   6
   2   55 43 48  43  97 58 86   51 52  5.4  24  128  0.06  .02 .04    0   2   4
   3   60 43 50  45  97 55 81   51 51  3.6  12  229  0.00  .06 .05    1   4   7
   4   67 43 53  45  99 42 77   53 51  1.6  11  266  0.00  .07 .05    4   7  10
   5   64 40 51  46  99 49 85   52 51  1.6  10  146  0.00  .03 .04    2   5   8
   6   64 39 51  45 100 48 82   53 51  2.7   8  272  0.00  .07 .05    3   5   8
   7   67 34 49  41 100 31 76   51 51  2.9  11  304  0.00  .08 .06    3   5   8
   8   68 37 51  42  97 37 73   51 51  2.7  11  305  0.00  .08 .06    4   6   9
   9   70 38 51  41  99 31 72   52 51  1.8   6  281  0.00  .07 .06    4   7  10
  10   72 39 53  41  97 20 67   52 51  3.1  10  247  0.00  .07 .08    5   8  12
  11   65 41 53  40  92 32 64   54 51  2.5  11  290  0.00  .07 .06    3   5   9
  12   72 34 54  34  97 18 55   53 51  3.1  10  311  0.00  .11 .09    5   8  11
  13   77 41 57  35  83 17 46   54 51  1.8   6  305  0.00  .09 .07    8  11  15
  14   64 39 53  41  87 36 66   53 52  2.5   9  168  0.00  .03 .05    2   5   8
  15   59 49 54  49  99 56 85   54 52  3.6  14   84  0.15  .01 .04    1   4   9
  16   55 48 52  50  99 76 91   53 52  7.2  15   93  0.42  .02 .03    0   2   7
  17   56 38 50  41  97 43 71   53 51  6.5  21  294  0.02  .09 .06    0   1   4
  18   59 37 46  38  95 37 74   50 51  3.1   9  312  0.00  .07 .06    1   2   5
  19   61 32 44  35  99 29 73   49 50  2.0   8  332  0.00  .08 .06    1   3   5
  20   55 35 45  34  97 31 68   49 50  3.8  14  328  0.00  .09 .06    0   1   3
  21   58 30 42  33  98 31 72   48 49  2.7  10  336  0.00  .08 .06    0   2   4
  22   60 29 43  33  98 30 70   48 48  3.8  14  317  0.00  .08 .07    1   2   5
  23   50 35 41  28  90 26 60   48 48  3.1  12  290  0.00  .07 .06    0   0   1
  24   54 27 40  31  97 40 73   47 48  2.2  10  343  0.00  .07 .05    0   1   2
  25   58 29 43  32  97 34 67   47 48  3.6  14  345  0.00  .09 .07    0   2   4
  26   62 29 46  19  78 12 40   47 47  5.4  20  356  0.00  .13 .11    1   3   5
  27   64 30 45  22  85 12 44   47 47  2.7  12  358  0.00  .10 .08    2   4   6
  28   66 28 46  26  88 14 53   48 47  2.7   9  359  0.00  .10 .08    3   5   7
  29   70 30 50  27  85 12 48   50 47  5.8  22  361  0.00  .15 .13    4   6   9
  30   62 34 50  38  94 40 66   51 48  4.3  15  304  0.00  .09 .07    2   4   6
  31   65 36 49  39  95 37 71   52 48  2.9  11  353  0.00  .09 .07    3   5   8
  --- --- -- --  -- --- -- ---  -- --  --  ---  ---  ----  --- ---  --- --- ----
  AVG  62 36 49  38  95 36 69   51 50  3.4  13  272
  TOT                                                2.22  2.3 1.9   64 128 215
                    
  *****************************************************************************
  *                          ABBREVIATIONS AND UNITS                          *
  *                                                                           *
  *   AIR TEMP : AIR TEMPERATURE IN DEGREES F          MX : MAXIMUM FOR DAY   *
  *   DEW PT   : DEWPOINT IN DEGREES F                 MN : MINIMUM FOR DAY   *
  *   REL HUM  : RELATIVE HUMIDITY IN PERCENT          AV : AVERAGE FOR DAY   *
  *   SOL      : SOLAR RADIATION IN LANGLEYS          TOT : TOTAL FOR MONTH   *
  *   WIND : WIND SPEEDS IN MILES PER HOUR                                    *
  *   SOIL : SOIL TEMPERATURE AT 4 AND 20 INCHES, IN DEGREES F                *
  *   RAIN : RAINFALL IN INCHES                                               *
  *   ETo  : REFERENCE EVAPOTRANSPIRATION IN INCHES                           *
  *      AZ: AZMET ETo   STD: STANDARDIZED PENMAN-MONTEITH ETo                *
  *                                                                           *
  *     ## or 999 : MISSING DATA, ETo & HEAT UNIT TOTALS ARE PRORATED         *
  *            55 : TEMPERATURE LIMITS = 86/55  DEGREES F                     *
  *            50 : TEMPERATURE LIMITS = 86/50  DEGREES F                     *
  *            45 : TEMPERATURE LIMITS = 86/45  DEGREES F                     *
  *****************************************************************************

                 ARIZONA METEOROLOGICAL NETWORK MONTHLY SUMMARY

                                  Queen Creek                                   
                                 February 2023                                  

       AIR TEMP DEW  REL HUM   SOIL T   WIND    SOL  RAIN  ETo ETo  HEAT UNITS
 Feb   MX MN AV  PT  MX MN AV    4 20  AV  MX              AZ  STD   55  50  45
 ---  --- -- -- ---  -- -- --  --- --  --  ---  ---  ----  --- ---  --- --- ---
   1   66 35 49  36 100 22 68   52 49  4.3  14  363  0.00  .12 .09    3   5   8
   2   66 32 48  31  93 19 57   51 49  3.1  12  375  0.00  .12 .09    3   5   8
   3   74 37 56  29  82 13 43   52 49  4.7  21  296  0.00  .14 .13    6   9  12
   4   78 39 57  34  84 16 46   55 50  2.7   9  380  0.00  .12 .11    8  11  15
   5   75 39 55  35  86 18 51   56 51  3.6  10  385  0.00  .13 .11    7   9  13
   6   64 37 51  33  88 23 55   56 52  4.5  22  379  0.00  .12 .10    2   5   7
   7   65 34 49  29  80 19 48   55 52  4.0  18  392  0.00  .13 .10    2   5   7
   8   66 32 49  29  84 18 50   54 52  3.1  14  394  0.00  .12 .09    3   5   8
   9   68 32 50  22  86  7 41   54 52  5.1  19  406  0.00  .17 .13    3   6   8
  10   69 39 56  14  46 12 20   54 51  7.8  21  411  0.00  .20 .18    4   7  10
  11   72 42 59  18  55 10 21   56 52  7.8  25  296  0.00  .19 .19    6   9  12
  12   78 34 56  29  77  8 40   56 52  4.9  20  404  0.00  .17 .16    8  10  14
  13   56 38 46  39  97 50 76   55 52  5.1  26  226  0.04  .05 .06    0   2   4
  14   59 37 48  39  98 49 74   53 52 12.3  36  191  0.29  .09 .09    1   3   5
  15   51 35 43  28  89 24 58   50 51  5.6  19  422  0.00  .11 .09    0   0   2
  16   57 28 43  24  96 20 53   49 50  4.5  15  431  0.00  .13 .10    0   2   4
  17   65 35 54  19  64 14 27   50 49  7.4  24  353  0.00  .17 .15    3   5   8
  18   73 44 60  31  73 18 35   56 50  3.6  15  424  0.00  .16 .13    7  10  14
  19   70 44 57  43  91 29 62   57 51  2.7   8  256  0.00  .07 .08    5   8  12
  20   77 46 60  46  93 29 63   60 52  2.2   9  407  0.00  .13 .11    9  12  16
  21   63 48 56  50  98 56 82   60 53  5.6  22  206  0.21  .04 .07    3   6  11
  22   56 37 50  34  89 24 54   54 54 16.1  41  276  0.11  .14 .11    0   1   4
  23   59 37 48  36  88 35 65   53 52  5.1  20  363  0.00  .10 .09    1   3   5
  24   66 34 51  38  97 26 64   55 52  3.4  11  446  0.00  .13 .10    3   5   8
  25   74 44 56  41  92 20 61   57 52  3.4  15  290  0.00  .09 .11    7  10  14
  26   55 41 47  38  98 38 73   54 52  7.2  26  373  0.42  .10 .09    0   1   4
  27   63 34 48  36  97 29 68   53 52  1.6   9  472  0.00  .12 .09    2   4   7
  28   63 34 48  37  98 33 69   54 51  3.6  15  448  0.00  .13 .10    2   4   7
  --- --- -- --  -- --- -- ---  -- --  --  ---  ---  ----  --- ---  --- --- ----
  AVG  66 37 52  33  86 24 54   54 51  5.2  18  359
  TOT                                                1.07  3.5 3.1   98 162 247
                    
  *****************************************************************************
  *                          ABBREVIATIONS AND UNITS                          *
  *                                                                           *
  *   AIR TEMP : AIR TEMPERATURE IN DEGREES F          MX : MAXIMUM FOR DAY   *
  *   DEW PT   : DEWPOINT IN DEGREES F                 MN : MINIMUM FOR DAY   *
  *   REL HUM  : RELATIVE HUMIDITY IN PERCENT          AV : AVERAGE FOR DAY   *
  *   SOL      : SOLAR RADIATION IN LANGLEYS          TOT : TOTAL FOR MONTH   *
  *   WIND : WIND SPEEDS IN MILES PER HOUR                                    *
  *   SOIL : SOIL TEMPERATURE AT 4 AND 20 INCHES, IN DEGREES F                *
  *   RAIN : RAINFALL IN INCHES                                               *
  *   ETo  : REFERENCE EVAPOTRANSPIRATION IN INCHES                           *
  *      AZ: AZMET ETo   STD: STANDARDIZED PENMAN-MONTEITH ETo                *
  *                                                                           *
  *     ## or 999 : MISSING DATA, ETo & HEAT UNIT TOTALS ARE PRORATED         *
  *            55 : TEMPERATURE LIMITS = 86/55  DEGREES F                     *
  *            50 : TEMPERATURE LIMITS = 86/50  DEGREES F                     *
  *            45 : TEMPERATURE LIMITS = 86/45  DEGREES F                     *
  *****************************************************************************

                 ARIZONA METEOROLOGICAL NETWORK MONTHLY SUMMARY

                                  Queen Creek                                   
                                   March 2023                                   

       AIR TEMP DEW  REL HUM   SOIL T   WIND    SOL  RAIN  ETo ETo  HEAT UNITS
 Mar   MX MN AV  PT  MX MN AV    4 20  AV  MX              AZ  STD   55  50  45
 ---  --- -- -- ---  -- -- --  --- --  --  ---  ---  ----  --- ---  --- --- ---
   1   64 37 49  39  97 37 71   54 52 10.5  36  351  0.59  .14 .12    2   4   7
   2   53 35 44  36  96 45 75   52 51  3.4  17  339  0.03  .08 .07    0   1   3
   3   60 34 48  38  99 38 72   53 51  2.5  12  482  0.00  .13 .09    1   3   5
   4   70 34 52  39  99 24 67   55 51  3.4  15  495  0.00  .15 .12    4   7  10
   5   71 37 54  41  96 25 65   57 52  3.1  17  409  0.00  .13 .11    5   8  11
   6   75 42 57  42  95 20 63   59 52  2.5   8  443  0.00  .14 .12    7  10  14
   7   75 46 58  44  94 21 64   61 53  2.2   8  368  0.00  .12 .11    8  11  15
   8   75 37 56  39  94 16 58   60 54  2.9  11  499  0.00  .16 .13    7  10  13
   9   76 39 56  37  91 18 56   60 55  2.0   7  423  0.00  .14 .12    7  10  14
  10   78 39 60  40  89 12 53   62 55  2.7   9  455  0.00  .14 .13    8  11  15
  11   73 53 64  50  80 42 62   65 56  5.4  15  342  0.00  .11 .13    8  13  18
  12   77 49 63  46  88 22 57   66 57  4.5  16  517  0.00  .19 .16    9  13  18
  13   78 44 60  43  90 22 56   66 58  3.8  14  505  0.00  .18 .15    9  12  16
  14   78 42 61  42  92 19 56   66 59  2.9  10  409  0.00  .15 .13    8  12  16
  15   62 52 58  51  99 52 79   63 59  4.3  13  135  0.42  .02 .06    3   7  12
  16   68 46 57  50 ## 39 78   62 58  3.1  13  446  0.00  .13 .11    5   8  12
  17   70 42 56  44  99 26 66   62 58  3.1  12  492  0.00  .15 .12    5   8  11
  18   73 40 58  37  91 19 50   62 58  5.6  18  530  0.00  .21 .17    6   9  12
  19   71 50 62  35  76 23 37   62 58  9.4  25  336  0.00  .17 .19    7  10  15
  20   73 48 61  45  88 30 59   65 58  5.6  17  430  0.00  .16 .15    7  10  15
  21   67 56 62  51  88 45 67   63 59  6.0  22   75  0.00  .02 .07    6  11  16
  22   65 45 57  46  91 41 66   62 58  7.6  30  256  0.00  .08 .10    3   6  10
  23   68 38 54  37  97 22 59   61 58  3.8  18  467  0.00  .16 .13    4   7  10
  24   67 43 55  36  84 23 51   62 57  5.6  21  543  0.00  .20 .16    4   7  11
  25   70 34 54  32  92 16 50   63 58  4.0  15  545  0.00  .18 .15    4   7   9
  26   69 39 54  29  75 14 43   63 58  5.1  20  577  0.00  .20 .17    4   7  10
  27   72 33 55  26  87  8 40   63 58  3.6  17  586  0.00  .21 .16    5   8  11
  28   82 37 60  27  67  9 33   65 59  3.4  13  589  0.00  .22 .19    9  12  16
  29   82 38 63  30  79  9 35   67 59  6.3  19  593  0.00  .27 .24   10  13  16
  30   65 49 56  36  84 26 48   65 60  8.5  24  361  0.02  .15 .16    4   7  12
  31   71 39 55  33  83 17 46   64 60  3.6  13  590  0.00  .19 .16    5   8  11
  --- --- -- --  -- --- -- ---  -- --  --  ---  ---  ----  --- ---  --- --- ----
  AVG  71 42 57  39  86 25 57   62 56  4.5  16  438
  TOT                                                1.06  4.7 4.2  174 270 384
                    
  *****************************************************************************
  *                          ABBREVIATIONS AND UNITS                          *
  *                                                                           *
  *   AIR TEMP : AIR TEMPERATURE IN DEGREES F          MX : MAXIMUM FOR DAY   *
  *   DEW PT   : DEWPOINT IN DEGREES F                 MN : MINIMUM FOR DAY   *
  *   REL HUM  : RELATIVE HUMIDITY IN PERCENT          AV : AVERAGE FOR DAY   *
  *   SOL      : SOLAR RADIATION IN LANGLEYS          TOT : TOTAL FOR MONTH   *
  *   WIND : WIND SPEEDS IN MILES PER HOUR                                    *
  *   SOIL : SOIL TEMPERATURE AT 4 AND 20 INCHES, IN DEGREES F                *
  *   RAIN : RAINFALL IN INCHES                                               *
  *   ETo  : REFERENCE EVAPOTRANSPIRATION IN INCHES                           *
  *      AZ: AZMET ETo   STD: STANDARDIZED PENMAN-MONTEITH ETo                *
  *                                                                           *
  *     ## or 999 : MISSING DATA, ETo & HEAT UNIT TOTALS ARE PRORATED         *
  *            55 : TEMPERATURE LIMITS = 86/55  DEGREES F                     *
  *            50 : TEMPERATURE LIMITS = 86/50  DEGREES F                     *
  *            45 : TEMPERATURE LIMITS = 86/45  DEGREES F                     *
  *****************************************************************************

                 ARIZONA METEOROLOGICAL NETWORK MONTHLY SUMMARY

                                  Queen Creek                                   
                                   April 2023                                   

       AIR TEMP DEW  REL HUM   SOIL T   WIND    SOL  RAIN  ETo ETo  HEAT UNITS
 Apr   MX MN AV  PT  MX MN AV    4 20  AV  MX              AZ  STD   55  50  45
 ---  --- -- -- ---  -- -- --  --- --  --  ---  ---  ----  --- ---  --- --- ---
   1   82 36 60  33  85 10 43   66 60  3.1  11  571  0.00  .21 .18    9  12  16
   2   81 40 62  31  78  9 38   68 60  3.8  10  613  0.00  .23 .20   10  13  16
   3   82 41 63  30  74 11 34   69 61  9.6  29  603  0.00  .30 .28   10  13  17
   4   60 40 51  16  49  9 26   66 62  8.7  28  620  0.00  .25 .20    1   3   6
   5   68 30 50  18  69  9 33   63 ##  4.3  15  617  0.00  .22 .17    3   5   8
   6   80 34 57  27  72  8 35   65 60  2.9  10  571  0.00  .20 .18    9  11  15
   7   83 39 62  32  72 10 36   68 60  3.8  11  565  0.00  .22 .20   10  14  17
   8   85 40 65  33  77  9 35   70 61  3.6  10  602  0.00  .23 .20   11  14  18
   9   91 43 68  35  73 10 35   73 62  2.9   8  623  0.00  .24 .21   14  18  21
  10   99 47 74  39  76  6 34   75 64  3.4  11  633  0.00  .27 .25   17  21  25
  11  100 53 77  44  66 10 33   78 65  4.9  17  618  0.00  .30 .28   18  23  28
  12   92 55 74  37  68  9 29   78 67  4.9  17  550  0.00  .26 .25   18  23  28
  13   84 55 69  34  54 13 29   76 68  7.2  22  527  0.00  .25 .26   14  19  24
  14   77 49 64  38  68 18 40   75 67  5.1  18  630  0.00  .24 .21    9  13  18
  15   85 45 67  38  78 13 38   75 67  3.1   9  634  0.00  .24 .20   12  16  20
  16   92 45 70  36  77 10 34   77 68  3.1  11  638  0.00  .26 .22   14  18  23
  17   90 46 70  38  75 10 35   78 68  4.3  15  645  0.00  .27 .24   14  18  22
  18   85 50 68  33  56 10 28   77 69  5.1  19  620  0.00  .27 .24   14  18  23
  19   79 46 64  32  71  9 33   76 69  6.0  21  654  0.00  .28 .24   10  13  17
  20   82 43 64  29  71  9 30   75 69  4.0  14  658  0.00  .27 .22   11  14  18
  21   87 43 68  31  71  7 30   76 69  3.4  12  663  0.00  .26 .22   13  16  20
  22   90 47 71  39  72 11 33   78 69  4.0  16  644  0.00  .28 .24   14  18  23
  23   90 51 73  42  70 13 34   80 70  4.9  13  615  0.00  .26 .25   15  20  25
  24   90 56 74  39  56 12 29   80 70  4.5  13  616  0.00  .28 .25   17  22  27
  25   88 53 73  41  68 16 34   80 71  6.7  19  650  0.00  .30 .28   15  20  25
  26   86 53 72  34  69 10 26   81 71  4.9  14  672  0.00  .29 .26   15  19  24
  27   90 47 72  36  68  9 30   80 72  4.0  15  668  0.00  .28 .25   14  18  23
  28   95 51 75  36  58  8 26   82 72  3.8  13  672  0.00  .30 .26   17  22  27
  29   99 54 79  32  49  7 20   83 72  4.0  16  683  0.00  .32 .28   18  24  29
  30  102 51 79  33  60  5 24   83 73  3.6  13  646  0.00  .29 .27   18  22  27
  --- --- -- --  -- --- -- ---  -- --  --  ---  ---  ----  --- ---  --- --- ----
  AVG  86 46 68  34  68 10 32   75 68  4.6  15  624
  TOT                                                0.00  7.9 7.0  384 500 630
                    
  *****************************************************************************
  *                          ABBREVIATIONS AND UNITS                          *
  *                                                                           *
  *   AIR TEMP : AIR TEMPERATURE IN DEGREES F          MX : MAXIMUM FOR DAY   *
  *   DEW PT   : DEWPOINT IN DEGREES F                 MN : MINIMUM FOR DAY   *
  *   REL HUM  : RELATIVE HUMIDITY IN PERCENT          AV : AVERAGE FOR DAY   *
  *   SOL      : SOLAR RADIATION IN LANGLEYS          TOT : TOTAL FOR MONTH   *
  *   WIND : WIND SPEEDS IN MILES PER HOUR                                    *
  *   SOIL : SOIL TEMPERATURE AT 4 AND 20 INCHES, IN DEGREES F                *
  *   RAIN : RAINFALL IN INCHES                                               *
  *   ETo  : REFERENCE EVAPOTRANSPIRATION IN INCHES                           *
  *      AZ: AZMET ETo   STD: STANDARDIZED PENMAN-MONTEITH ETo                *
  *                                                                           *
  *     ## or 999 : MISSING DATA, ETo & HEAT UNIT TOTALS ARE PRORATED         *
  *            55 : TEMPERATURE LIMITS = 86/55  DEGREES F                     *
  *            50 : TEMPERATURE LIMITS = 86/50  DEGREES F                     *
  *            45 : TEMPERATURE LIMITS = 86/45  DEGREES F                     *
  *****************************************************************************

                 ARIZONA METEOROLOGICAL NETWORK MONTHLY SUMMARY

                                  Queen Creek                                   
                                    May 2023                                    

       AIR TEMP DEW  REL HUM   SOIL T   WIND    SOL  RAIN  ETo ETo  HEAT UNITS
 May   MX MN AV  PT  MX MN AV    4 20  AV  MX              AZ  STD   55  50  45
 ---  --- -- -- ---  -- -- --  --- --  --  ---  ---  ----  --- ---  --- --- ---
   1   94 59 80  30  44  9 17   84 74  9.2  31  659  0.00  .40 .38   20  25  30
   2   91 53 74  36  66 12 26   83 74  6.0  22  663  0.00  .33 .29   17  21  26
   3   89 54 74  39  62 13 30   82 74  7.6  24  670  0.00  .33 .31   17  21  26
   4   81 53 69  40  70 13 37   81 74  6.0  24  675  0.00  .28 .25   12  17  22
   5   81 48 66  39  72 18 41   80 74  4.7  20  676  0.00  .26 .23   11  15  20
   6   85 53 69  37  66 12 33   81 73  4.0  14  687  0.00  .28 .24   14  19  24
   7   88 49 72  36  71 11 30   82 73  3.6  17  677  0.00  .28 .24   14  18  23
   8   92 50 74  35  64  9 27   82 74  4.0  13  696  0.00  .30 .26   16  20  25
   9   93 51 75  36  65  9 27   84 74  4.5  14  693  0.00  .30 .27   16  21  26
  10   78 53 66  35  59 13 33   81 75  5.8  20  599  0.00  .24 .23   11  15  20
  11   89 49 70  35  70 11 31   81 74  3.1  13  688  0.00  .26 .24   15  19  24
  12   93 50 75  38  64 11 30   83 74  3.1  13  685  0.00  .29 .24   16  20  25
  13   98 55 78  40  61 10 29   85 75  4.0  13  656  0.00  .30 .28   19  24  29
  14   99 64 84  44  46 11 25   87 75  9.8  26  670  0.00  .39 .40   23  28  33
  15  100 69 86  48  62 13 29   88 76  6.0  23  654  0.00  .34 .33   25  30  35
  16  101 66 82  55  86 15 42   89 77  6.7  32  660  0.41  .33 .33   24  29  34
  17   97 66 82  58  98 20 49   87 78  4.5  22  682  0.00  .29 .28   23  28  33
  18   94 70 81  56  77 21 45   89 78  5.6  30  631  0.00  .29 .28   25  30  35
  19   90 67 77  57  84 25 52   87 78  4.5  15  504  0.00  .21 .22   23  28  33
  20   96 62 79  52  80 12 42   89 78  3.4  13  697  0.00  .28 .26   22  27  32
  21  100 61 82  51  73 12 37   90 79  3.8  16  705  0.00  .31 .28   22  27  32
  22   99 60 82  48  75  8 35   91 80  3.6  17  711  0.00  .31 .28   21  26  31
  23   98 59 81  41  65  8 28   91 80  4.0  18  723  0.00  .33 .29   21  26  31
  24   96 58 80  41  63 10 28   90 80  4.5  17  718  0.00  .34 .30   20  25  30
  25   96 55 81  38  67  7 24   90 80  4.3  17  733  0.00  .34 .29   18  23  28
  26   95 56 78  37  62  7 26   89 80  5.4  19  730  0.00  .35 .31   19  24  29
  27   95 55 77  36  56  8 25   89 80  3.6  14  733  0.00  .32 .28   18  23  28
  28   98 55 79  34  59  6 23   89 80  4.9  14  732  0.00  .33 .32   19  24  29
  29   99 60 82  35  41  7 20   90 80  5.6  22  723  0.00  .37 .34   21  26  31
  30   98 63 82  35  44  7 21   90 81  6.0  20  723  0.00  .38 .34   23  28  33
  31   92 58 77  33  47  9 22   89 81  8.3  29  721  0.00  .41 .36   19  24  29
  --- --- -- --  -- --- -- ---  -- --  --  ---  ---  ----  --- ---  --- --- ----
  AVG  93 57 77  41  65 12 31   86 77  5.2  19  683
  TOT                                                0.41  9.8 9.0  584 731 886
                    
  *****************************************************************************
  *                          ABBREVIATIONS AND UNITS                          *
  *                                                                           *
  *   AIR TEMP : AIR TEMPERATURE IN DEGREES F          MX : MAXIMUM FOR DAY   *
  *   DEW PT   : DEWPOINT IN DEGREES F                 MN : MINIMUM FOR DAY   *
  *   REL HUM  : RELATIVE HUMIDITY IN PERCENT          AV : AVERAGE FOR DAY   *
  *   SOL      : SOLAR RADIATION IN LANGLEYS          TOT : TOTAL FOR MONTH   *
  *   WIND : WIND SPEEDS IN MILES PER HOUR                                    *
  *   SOIL : SOIL TEMPERATURE AT 4 AND 20 INCHES, IN DEGREES F                *
  *   RAIN : RAINFALL IN INCHES                                               *
  *   ETo  : REFERENCE EVAPOTRANSPIRATION IN INCHES                           *
  *      AZ: AZMET ETo   STD: STANDARDIZED PENMAN-MONTEITH ETo                *
  *                                                                           *
  *     ## or 999 : MISSING DATA, ETo & HEAT UNIT TOTALS ARE PRORATED         *
  *            55 : TEMPERATURE LIMITS = 86/55  DEGREES F                     *
  *            50 : TEMPERATURE LIMITS = 86/50  DEGREES F                     *
  *            45 : TEMPERATURE LIMITS = 86/45  DEGREES F                     *
  *****************************************************************************

                 ARIZONA METEOROLOGICAL NETWORK MONTHLY SUMMARY

                                  Queen Creek                                   
                                   June 2023                                    

       AIR TEMP DEW  REL HUM   SOIL T   WIND    SOL  RAIN  ETo ETo  HEAT UNITS
 Jun   MX MN AV  PT  MX MN AV    4 20  AV  MX              AZ  STD   55  50  45
 ---  --- -- -- ---  -- -- --  --- --  --  ---  ---  ----  --- ---  --- --- ---
   1   91 58 76  38  52 11 27   88 80  4.3  13  726  0.00  .31 .28   19  24  29
   2   92 61 79  42  58 13 29   89 80  4.0  17  716  0.00  .30 .28   21  26  31
   3   98 59 82  42  54 10 26   90 81  4.0  13  718  0.00  .33 .29   21  26  31
   4  102 64 84  41  49  8 24   92 81  4.3  15  712  0.00  .34 .31   23  28  33
   5  102 62 84  34  52  5 19   92 82  6.0  20  708  0.00  .37 .36   23  28  33
   6   97 57 80  33  51  7 20   91 82  5.8  24  716  0.00  .38 .33   19  24  29
   7   95 57 78  35  50  8 23   90 82  4.9  26  733  0.00  .35 .31   19  24  29
   8   94 60 78  34  59  6 23   89 82  4.3  17  674  0.00  .31 .28   20  25  30
   9   96 55 78  32  56  6 20   89 81  4.7  17  702  0.00  .34 .30   18  23  28
  10   98 56 79  34  51  7 21   89 81  4.7  15  732  0.00  .35 .31   19  24  29
  11   90 61 78  37  58 10 24   89 81  7.4  27  734  0.00  .39 .34   20  25  30
  12   91 57 75  44  61 15 34   89 81  4.3  16  727  0.00  .31 .27   18  23  28
  13   92 59 78  45  60 15 33   90 81  3.6  13  724  0.00  .30 .27   20  25  30
  14   98 58 80  46  67 12 32   91 81  4.3  15  725  0.00  .32 .30   20  25  30
  15   98 61 81  45  60 11 31   91 82  4.0  17  716  0.00  .32 .29   21  26  31
  16   99 63 82  43  69  6 28   92 82  4.9  19  741  0.00  .36 .32   22  27  32
  17  101 60 84  44  56 10 26   93 82  3.4  11  735  0.00  .34 .29   22  27  32
  18  103 64 86  42  55  8 23   94 83  6.5  22  722  0.00  .39 .37   23  28  33
  19  102 64 85  39  53  6 21   93 83  4.7  18  646  0.00  .32 .31   23  28  33
  20  100 67 86  40  54  8 22   94 83  4.5  18  742  0.00  .37 .32   25  30  35
  21  103 62 85  40  60  7 23   94 84  4.3  16  671  0.00  .33 .31   22  27  32
  22  103 62 86  35  45  6 18   94 84  4.3  13  738  0.00  .35 .32   23  28  33
  23   98 62 82  35  57  6 21   94 84  4.0  14  745  0.00  .35 .30   22  27  32
  24  102 53 83  28  63  4 17   93 84  2.9  13  752  0.00  .35 .28   19  24  29
  25  109 62 88  32  47  5 16   95 84  4.0  15  716  0.00  .36 .33   23  28  33
  26  110 65 91  38  49  5 19   96 84  3.4  13  665  0.00  .32 .30   25  30  35
  27  107 68 89  33  42  4 16   96 85  4.9  23  723  0.00  .40 .35   25  30  35
  28  106 67 89  43  45  9 21   96 85  5.8  21  713  0.00  .39 .37   25  30  35
  29  105 66 87  34  37  6 17   96 86  4.0  17  733  0.00  .36 .32   25  30  35
  30  105 62 87  37  46  5 20   96 86  4.3  15  731  0.00  .36 .32   23  28  33
  --- --- -- --  -- --- -- ---  -- --  --  ---  ---  ----  --- ---  --- --- ----
  AVG 100 61 83  38  54  8 23   92 83  4.6  17  718
  TOT                                                0.00  10.4 9.3  648 798 948
                    
  *****************************************************************************
  *                          ABBREVIATIONS AND UNITS                          *
  *                                                                           *
  *   AIR TEMP : AIR TEMPERATURE IN DEGREES F          MX : MAXIMUM FOR DAY   *
  *   DEW PT   : DEWPOINT IN DEGREES F                 MN : MINIMUM FOR DAY   *
  *   REL HUM  : RELATIVE HUMIDITY IN PERCENT          AV : AVERAGE FOR DAY   *
  *   SOL      : SOLAR RADIATION IN LANGLEYS          TOT : TOTAL FOR MONTH   *
  *   WIND : WIND SPEEDS IN MILES PER HOUR                                    *
  *   SOIL : SOIL TEMPERATURE AT 4 AND 20 INCHES, IN DEGREES F                *
  *   RAIN : RAINFALL IN INCHES                                               *
  *   ETo  : REFERENCE EVAPOTRANSPIRATION IN INCHES                           *
  *      AZ: AZMET ETo   STD: STANDARDIZED PENMAN-MONTEITH ETo                *
  *                                                                           *
  *     ## or 999 : MISSING DATA, ETo & HEAT UNIT TOTALS ARE PRORATED         *
  *            55 : TEMPERATURE LIMITS = 86/55  DEGREES F                     *
  *            50 : TEMPERATURE LIMITS = 86/50  DEGREES F                     *
  *            45 : TEMPERATURE LIMITS = 86/45  DEGREES F                     *
  *****************************************************************************

                 ARIZONA METEOROLOGICAL NETWORK MONTHLY SUMMARY

                                  Queen Creek                                   
                                   July 2023                                    

       AIR TEMP DEW  REL HUM   SOIL T   WIND    SOL  RAIN  ETo ETo  HEAT UNITS
 Jul   MX MN AV  PT  MX MN AV    4 20  AV  MX              AZ  STD   55  50  45
 ---  --- -- -- ---  -- -- --  --- --  --  ---  ---  ----  --- ---  --- --- ---
   1  108 65 90  42  41  7 20   97 86  4.7  16  718  0.00  .37 .34   25  30  35
   2  107 69 91  46  51  9 22   98 86  5.1  15  710  0.00  .37 .35   26  31  36
   3  108 71 93  49  45 10 22   99 87  5.1  21  705  0.00  .37 .35   27  32  37
   4  106 71 91  49  51 11 25   99 87  4.9  16  700  0.00  .36 .34   27  32  37
   5  105 70 90  51  53  9 28   99 88  4.7  18  706  0.00  .37 .33   26  31  36
   6  110 67 91  52  62  9 29   99 88  4.7  17  697  0.00  .34 .34   26  31  36
   7  111 71 91  49  58  7 26   100 88  3.8  10  706  0.00  .34 .32   27  32  37
   8  108 71 91  51  55  9 26   101 88  3.8  13  698  0.00  .35 .31   27  32  37
   9  108 70 91  51  51  7 27   101 89  4.0  13  695  0.00  .34 .32   27  32  37
  10  105 75 92  59  59 18 35   101 89  3.4  10  590  0.00  .28 .27   28  33  38
  11  106 81 94  66  64 25 41   102 89  4.0  13  624  0.00  .31 .30   30  35  40
  12  106 80 94  64  60 21 39   103 90  3.8  13  636  0.00  .32 .29   30  35  40
  13  108 83 95  65  63 20 38   104 90  3.6  14  608  0.00  .31 .29   31  36  41
  14  107 78 94  64  66 18 38   104 91  4.3  15  595  0.00  .29 .29   29  34  39
  15  110 78 95  64  69 15 37   104 91  4.7  14  647  0.00  .31 .33   29  34  39
  16  109 79 95  66  65 20 40   104 91  4.0  13  587  0.00  .28 .29   30  35  40
  17  109 79 96  63  63 19 35   105 92  6.0  34  658  0.00  .34 .36   30  35  40
  18  111 80 98  60  61 15 31   106 92  4.0  15  641  0.00  .34 .32   30  35  40
  19  114 79 99  56  56 12 27   106 93  5.6  20  663  0.00  .38 .37   30  35  40
  20  114 78 97  55  51 10 27   106 93  5.4  18  662  0.00  .37 .37   29  34  39
  21  112 80 98  56  51 13 26   106 93  6.7  28  632  0.00  .35 .39   30  35  40
  22  114 83 100  57  52 12 26   107 93  5.8  39  593  0.00  .34 .36   31  36  41
  23  109 79 95  59  66 15 32   105 93  5.6  20  587  0.00  .33 .33   30  35  40
  24  114 82 97  59  55 14 30   106 93  4.5  26  594  0.00  .32 .32   30  35  40
  25  114 78 97  60  66 11 32   106 93  4.0  14  645  0.00  .34 .32   29  34  39
  26  113 76 96  60  82 14 32   107 94  7.2  37  636  0.31  .36 .39   29  34  39
  27  108 79 95  64  73 18 39   100 93  5.6  29  640  0.00  .34 .34   30  35  40
  28  108 82 95  64  68 19 38   102 93  6.0  27  588  0.02  .32 .33   30  35  40
  29  109 84 97  64  60 18 35   102 93  4.9  18  600  0.00  .31 .32   31  36  41
  30  107 83 96  64  60 21 36   104 93  5.4  25  588  0.00  .31 .32   31  36  41
  31  103 76 89  65  78 23 48   103 93  4.7  30  623  0.01  .29 .29   28  33  38
  --- --- -- --  -- --- -- ---  -- --  --  ---  ---  ----  --- ---  --- --- ----
  AVG 109 77 94  58  60 14 32   103 91  4.8  20  644
  TOT                                                0.34  10.4 10.2  893 1,0481,203
                    
  *****************************************************************************
  *                          ABBREVIATIONS AND UNITS                          *
  *                                                                           *
  *   AIR TEMP : AIR TEMPERATURE IN DEGREES F          MX : MAXIMUM FOR DAY   *
  *   DEW PT   : DEWPOINT IN DEGREES F                 MN : MINIMUM FOR DAY   *
  *   REL HUM  : RELATIVE HUMIDITY IN PERCENT          AV : AVERAGE FOR DAY   *
  *   SOL      : SOLAR RADIATION IN LANGLEYS          TOT : TOTAL FOR MONTH   *
  *   WIND : WIND SPEEDS IN MILES PER HOUR                                    *
  *   SOIL : SOIL TEMPERATURE AT 4 AND 20 INCHES, IN DEGREES F                *
  *   RAIN : RAINFALL IN INCHES                                               *
  *   ETo  : REFERENCE EVAPOTRANSPIRATION IN INCHES                           *
  *      AZ: AZMET ETo   STD: STANDARDIZED PENMAN-MONTEITH ETo                *
  *                                                                           *
  *     ## or 999 : MISSING DATA, ETo & HEAT UNIT TOTALS ARE PRORATED         *
  *            55 : TEMPERATURE LIMITS = 86/55  DEGREES F                     *
  *            50 : TEMPERATURE LIMITS = 86/50  DEGREES F                     *
  *            45 : TEMPERATURE LIMITS = 86/45  DEGREES F                     *
  *****************************************************************************

                 ARIZONA METEOROLOGICAL NETWORK MONTHLY SUMMARY

                                  Queen Creek                                   
                                  August 2023                                   

       AIR TEMP DEW  REL HUM   SOIL T   WIND    SOL  RAIN  ETo ETo  HEAT UNITS
 Aug   MX MN AV  PT  MX MN AV    4 20  AV  MX              AZ  STD   55  50  45
 ---  --- -- -- ---  -- -- --  --- --  --  ---  ---  ----  --- ---  --- --- ---
   1  105 75 90  65  84 21 46  102 93  2.9  12  640  0.00  .28 .27   28  33  38
   2  106 80 93  63  64 19 39  103 92  3.8  15  582  0.00  .29 .28   30  35  40
   3  106 78 92  60  62 13 36  103 93  3.8  20  636  0.00  .31 .29   29  34  39
   4  111 72 93  52  57  9 27  102 92  3.6  14  658  0.00  .33 .30   27  32  37
   5  110 73 93  53  52 10 27  102 92  4.0  16  645  0.00  .33 .31   28  33  38
   6  106 74 93  59  50 16 32  102 92  4.5  16  600  0.00  .31 .30   28  33  38
   7  106 84 95  66  60 23 41  105 93  4.5  15  623  0.00  .31 .30   31  36  41
   8  104 83 92  66  66 27 43  105 93  5.4  23  606  0.00  .31 .31   30  35  40
   9  104 80 91  65  61 24 44  104 93  4.5  14  584  0.00  .29 .28   30  35  40
  10  106 81 93  62  62 18 37  104 93  4.7  17  589  0.00  .30 .30   30  35  40
  11  102 78 90  61  66 23 39  102 93  5.1  17  525  0.00  .27 .28   29  34  39
  12  102 75 89  60  67 18 39  102 93  4.5  22  619  0.00  .30 .28   28  33  38
  13  104 76 89  60  67 18 39  102 92  4.0  20  617  0.00  .29 .28   28  33  38
  14  106 78 91  59  57 18 36  100 92  4.7  17  395  0.00  .22 .26   29  34  39
  15  107 80 93  64  71 20 40   99 92  6.7  24  577  0.11  .31 .33   30  35  40
  16  110 80 93  65  72 18 43  101 91  3.4  16  465  0.00  .22 .24   30  35  40
  17  111 80 93  65  74 18 41  101 91  4.9  46  581  1.34  .31 .31   30  35  40
  18  106 77 88  66  77 19 50   93 91  4.9  22  350  0.00  .17 .23   29  34  39
  19   95 76 83  67  79 36 58   94 89  5.4  21  409  0.00  .18 .22   28  33  38
  20   99 77 86  67  81 29 55   94 89  7.8  32  346  0.01  .20 .25   28  33  38
  21   91 73 80  71  97 47 76   91 88  5.6  18  409  0.09  .17 .18   26  31  36
  22  102 73 86  66  94 24 57   94 87  4.3  28  601  0.00  .27 .26   27  32  37
  23  102 74 89  61  79 20 43   96 87  8.1  26  541  0.00  .32 .32   27  32  37
  24  104 80 91  62  63 19 40   98 87  2.7  12  563  0.00  .26 .24   30  35  40
  25  108 77 93  61  73 17 37  100 88  3.4  14  599  0.00  .29 .27   29  34  39
  26  110 82 95  61  59 17 34  101 89  5.6  25  525  0.00  .28 .31   30  35  40
  27  111 82 97  63  63 17 35  102 90  3.6  14  564  0.00  .29 .27   30  35  40
  28  113 81 98  61  61 14 32  104 91  4.0  21  598  0.00  .32 .30   30  35  40
  29  112 80 97  59  60 13 31  103 91  5.8  21  594  0.00  .33 .34   30  35  40
  30  108 79 94  60  55 20 34  102 92  5.1  16  533  0.00  .29 .30   30  35  40
  31  105 75 90  62  86 21 42  101 91  6.9  37  521  0.35  .28 .31   28  33  38
  --- --- -- --  -- --- -- ---  -- --  --  ---  ---  ----  --- ---  --- --- ----
  AVG 106 78 91  62  68 20 41   100 91  4.8  20  551
  TOT                                                1.90  8.6 8.7  897 1,052 1,207
                    
  *****************************************************************************
  *                          ABBREVIATIONS AND UNITS                          *
  *                                                                           *
  *   AIR TEMP : AIR TEMPERATURE IN DEGREES F          MX : MAXIMUM FOR DAY   *
  *   DEW PT   : DEWPOINT IN DEGREES F                 MN : MINIMUM FOR DAY   *
  *   REL HUM  : RELATIVE HUMIDITY IN PERCENT          AV : AVERAGE FOR DAY   *
  *   SOL      : SOLAR RADIATION IN LANGLEYS          TOT : TOTAL FOR MONTH   *
  *   WIND : WIND SPEEDS IN MILES PER HOUR                                    *
  *   SOIL : SOIL TEMPERATURE AT 4 AND 20 INCHES, IN DEGREES F                *
  *   RAIN : RAINFALL IN INCHES                                               *
  *   ETo  : REFERENCE EVAPOTRANSPIRATION IN INCHES                           *
  *      AZ: AZMET ETo   STD: STANDARDIZED PENMAN-MONTEITH ETo                *
  *                                                                           *
  *     ## or 999 : MISSING DATA, ETo & HEAT UNIT TOTALS ARE PRORATED         *
  *            55 : TEMPERATURE LIMITS = 86/55  DEGREES F                     *
  *            50 : TEMPERATURE LIMITS = 86/50  DEGREES F                     *
  *            45 : TEMPERATURE LIMITS = 86/45  DEGREES F                     *
  *****************************************************************************

                 ARIZONA METEOROLOGICAL NETWORK MONTHLY SUMMARY

                                  Queen Creek                                   
                                 September 2023                                 

       AIR TEMP DEW  REL HUM   SOIL T   WIND    SOL  RAIN  ETo ETo  HEAT UNITS
 Sep   MX MN AV  PT  MX MN AV    4 20  AV  MX              AZ  STD   55  50  45
 ---  --- -- -- ---  -- -- --  --- --  --  ---  ---  ----  --- ---  --- --- ---
   1   85 73 79  69  92 49 72   90 91  3.8  18  216  0.01  .07 .11   24  29  34
   2   97 74 84  69  93 35 64   93 89  3.6  15  533  0.00  .22 .22   27  32  37
   3   98 73 85  66  86 26 55   95 88  3.4  13  579  0.00  .24 .23   27  32  37
   4   99 72 85  60  75 16 46   95 88  4.5  21  580  0.00  .26 .26   27  32  37
   5  102 68 85  52  72 11 35   94 88  4.3  17  599  0.00  .28 .27   25  30  35
   6  103 66 85  48  58 10 30   94 88  3.1  15  591  0.00  .28 .24   24  29  34
   7  105 64 86  49  61 10 29   95 87  2.7  11  563  0.00  .26 .23   24  29  34
   8  104 70 90  54  55 13 31   96 87  2.9  13  483  0.00  .24 .21   26  31  36
   9  108 72 91  55  58 13 30   97 88  3.4  12  539  0.00  .27 .25   27  32  37
  10  109 75 92  55  62 12 31   97 88  4.3  19  489  0.00  .26 .26   28  33  38
  11  100 75 89  58  57 20 35   97 88  4.7  20  493  0.00  .27 .25   28  33  38
  12   96 77 86  64  75 31 49   96 88  6.3  22  462  0.00  .24 .24   28  33  38
  13   96 75 84  61  73 29 47   95 88  8.1  21  484  0.00  .26 .28   27  32  37
  14   99 72 84  56  76 13 41   95 87  3.1  13  541  0.00  .24 .22   26  31  36
  15  102 68 84  48  59 11 31   94 87  3.4  15  557  0.00  .27 .23   25  30  35
  16  104 63 84  48  65 11 31   93 87  3.6  13  540  0.00  .26 .24   23  28  33
  17  102 66 85  50  62 11 32   94 87  3.8  16  546  0.00  .26 .24   24  29  34
  18   98 65 82  46  63  8 32   92 87  4.9  20  556  0.00  .28 .26   23  28  33
  19   99 61 80  42  61  7 28   91 86  3.1  13  555  0.00  .24 .22   22  27  32
  20   97 59 79  43  61 11 30   89 86  4.7  19  419  0.00  .21 .23   21  26  31
  21   95 58 80  41  59 11 26   89 85  4.9  22  516  0.00  .28 .24   19  24  29
  22   95 59 77  41  66  9 29   87 84  3.1  11  404  0.00  .19 .18   20  25  30
  23   95 63 79  43  51 14 28   88 84  3.1  12  454  0.00  .21 .19   22  27  32
  24   98 60 80  47  64 16 33   89 83  2.7   9  524  0.00  .22 .19   21  26  31
  25  102 59 81  46  63 10 32   89 83  2.9  11  518  0.00  .22 .20   21  26  31
  26  101 62 82  46  64 12 30   90 83  3.4  11  520  0.00  .24 .21   23  28  33
  27  103 60 82  42  59 10 26   90 83  3.4  11  512  0.00  .24 .22   22  27  32
  28  100 64 82  47  57 16 31   89 83  3.4  13  389  0.00  .19 .19   23  28  33
  29  100 62 81  46  71 10 32   89 83  4.0  18  506  0.00  .24 .22   22  27  32
  30   98 62 81  39  58  9 24   87 83  9.2  27  498  0.00  .33 .34   22  27  32
  --- --- -- --  -- --- -- ---  -- --  --  ---  ---  ----  --- ---  --- --- ----
  AVG 100 67 83  51  66 15 36   92 86  4.1  16  506
  TOT                                                0.01  7.3 6.9  721 8711,021
                    
  *****************************************************************************
  *                          ABBREVIATIONS AND UNITS                          *
  *                                                                           *
  *   AIR TEMP : AIR TEMPERATURE IN DEGREES F          MX : MAXIMUM FOR DAY   *
  *   DEW PT   : DEWPOINT IN DEGREES F                 MN : MINIMUM FOR DAY   *
  *   REL HUM  : RELATIVE HUMIDITY IN PERCENT          AV : AVERAGE FOR DAY   *
  *   SOL      : SOLAR RADIATION IN LANGLEYS          TOT : TOTAL FOR MONTH   *
  *   WIND : WIND SPEEDS IN MILES PER HOUR                                    *
  *   SOIL : SOIL TEMPERATURE AT 4 AND 20 INCHES, IN DEGREES F                *
  *   RAIN : RAINFALL IN INCHES                                               *
  *   ETo  : REFERENCE EVAPOTRANSPIRATION IN INCHES                           *
  *      AZ: AZMET ETo   STD: STANDARDIZED PENMAN-MONTEITH ETo                *
  *                                                                           *
  *     ## or 999 : MISSING DATA, ETo & HEAT UNIT TOTALS ARE PRORATED         *
  *            55 : TEMPERATURE LIMITS = 86/55  DEGREES F                     *
  *            50 : TEMPERATURE LIMITS = 86/50  DEGREES F                     *
  *            45 : TEMPERATURE LIMITS = 86/45  DEGREES F                     *
  *****************************************************************************

                 ARIZONA METEOROLOGICAL NETWORK MONTHLY SUMMARY

                                  Queen Creek                                   
                                  October 2023                                  

       AIR TEMP DEW  REL HUM   SOIL T   WIND    SOL  RAIN  ETo ETo  HEAT UNITS
 Oct   MX MN AV  PT  MX MN AV    4 20  AV  MX              AZ  STD   55  50  45
 ---  --- -- -- ---  -- -- --  --- --  --  ---  ---  ----  --- ---  --- --- ---
   1   88 60 73  49  69 22 44   86 82  5.4  25  484  0.00  .22 .21   19  24  29
   2   85 57 71  47  70 23 44   85 82  4.3  17  467  0.00  .19 .18   16  21  26
   3   87 56 71  44  71 15 40   84 81  3.4  10  486  0.00  .19 .17   16  21  26
   4   94 53 73  42  67 13 37   84 80  2.9   8  486  0.00  .20 .18   17  22  27
   5   98 54 76  39  64  8 30   84 80  2.9   9  491  0.00  .20 .19   18  23  28
   6  105 59 83  42  57  9 25   86 80  3.6  17  435  0.00  .21 .21   21  26  31
   7   99 76 89  43  38 15 20   89 80  9.6  26  431  0.00  .33 .35   28  33  38
   8  100 68 84  47  56 14 29   88 81  4.3  17  452  0.00  .23 .22   25  30  35
   9   98 65 81  47  65 14 32   88 81  4.0  15  436  0.00  .21 .20   23  28  33
  10   95 62 79  48  57 18 35   87 81  3.8  14  447  0.00  .20 .19   22  27  32
  11   91 60 76  48  64 15 38   86 81  5.8  20  453  0.00  .23 .21   19  24  29
  12   87 57 72  42  71 15 36   84 80  3.6  15  445  0.00  .18 .17   17  22  27
  13   91 50 71  39  60 11 33   82 80  3.1  13  440  0.00  .18 .16   15  20  25
  14   93 55 73  42  60 15 35   82 79  2.7   8  392  0.00  .16 .15   18  23  28
  15   99 55 76  45  65 13 36   83 78  2.9   8  441  0.00  .19 .17   19  24  29
  16  103 61 83  47  57 13 29   85 78  2.7   8  426  0.00  .20 .17   22  27  32
  17   99 64 81  47  62 13 32   86 79  3.4  10  425  0.00  .20 .18   23  28  33
  18   96 57 77  47  64 15 35   84 79  3.4  10  429  0.00  .18 .17   19  24  29
  19   99 57 77  45  61 11 34   84 79  2.9   7  426  0.00  .19 .17   20  25  30
  20  100 57 78  44  62 10 30   83 78  3.1   8  423  0.00  .19 .17   20  25  30
  21   96 58 77  43  57 11 31   83 78  3.1  10  403  0.00  .19 .16   20  25  30
  22   97 57 77  45  58 12 33   83 78  4.3  11  411  0.00  .20 .19   20  25  30
  23   89 56 73  49  69 27 44   82 78  4.5  15  395  0.00  .16 .16   17  22  27
  24   83 57 71  51  76 30 50   81 78  5.6  23  344  0.00  .14 .15   15  20  25
  25   82 57 69  50  78 29 52   80 77  3.8  12  387  0.00  .13 .14   15  20  25
  26   83 53 68  49  79 30 53   79 77  3.4  11  346  0.00  .13 .12   13  18  23
  27   88 53 69  46  78 20 47   78 76  2.7  11  390  0.00  .15 .13   15  20  25
  28   84 52 68  44  72 23 44   78 75  4.0  14  389  0.00  .15 .14   13  18  23
  29   76 46 61  33  69 11 37   75 75  4.0  18  397  0.00  .15 .13    8  12  16
  30   78 44 64  27  55 17 24   72 74  6.9  20  390  0.00  .20 .19    9  12  16
  31   78 56 67  25  34 12 21   73 73  8.7  21  394  0.00  .23 .23   12  17  22
  --- --- -- --  -- --- -- ---  -- --  --  ---  ---  ----  --- ---  --- --- ----
  AVG  92 57 74  44  63 16 36   83 79  4.2  14  425
  TOT                                                0.00  5.9 5.6  554 706 859
                    
  *****************************************************************************
  *                          ABBREVIATIONS AND UNITS                          *
  *                                                                           *
  *   AIR TEMP : AIR TEMPERATURE IN DEGREES F          MX : MAXIMUM FOR DAY   *
  *   DEW PT   : DEWPOINT IN DEGREES F                 MN : MINIMUM FOR DAY   *
  *   REL HUM  : RELATIVE HUMIDITY IN PERCENT          AV : AVERAGE FOR DAY   *
  *   SOL      : SOLAR RADIATION IN LANGLEYS          TOT : TOTAL FOR MONTH   *
  *   WIND : WIND SPEEDS IN MILES PER HOUR                                    *
  *   SOIL : SOIL TEMPERATURE AT 4 AND 20 INCHES, IN DEGREES F                *
  *   RAIN : RAINFALL IN INCHES                                               *
  *   ETo  : REFERENCE EVAPOTRANSPIRATION IN INCHES                           *
  *      AZ: AZMET ETo   STD: STANDARDIZED PENMAN-MONTEITH ETo                *
  *                                                                           *
  *     ## or 999 : MISSING DATA, ETo & HEAT UNIT TOTALS ARE PRORATED         *
  *            55 : TEMPERATURE LIMITS = 86/55  DEGREES F                     *
  *            50 : TEMPERATURE LIMITS = 86/50  DEGREES F                     *
  *            45 : TEMPERATURE LIMITS = 86/45  DEGREES F                     *
  *****************************************************************************

                 ARIZONA METEOROLOGICAL NETWORK MONTHLY SUMMARY

                                  Queen Creek                                   
                                 November 2023                                  

       AIR TEMP DEW  REL HUM   SOIL T   WIND    SOL  RAIN  ETo ETo  HEAT UNITS
 Nov   MX MN AV  PT  MX MN AV    4 20  AV  MX              AZ  STD   55  50  45
 ---  --- -- -- ---  -- -- --  --- --  --  ---  ---  ----  --- ---  --- --- ---
   1   84 49 67  28  49 12 24   73 72  4.7  16  384  0.00  .17 .17   12  16  21
   2   85 48 64  32  55 13 32   72 72  2.0   6  384  0.00  .13 .11   13  17  22
   3   85 45 64  32  61 12 32   72 71  2.9   8  375  0.00  .14 .13   12  16  20
   4   86 45 65  31  51 12 28   72 71  3.4   9  368  0.00  .15 .14   13  16  21
   5   91 48 68  31  55 10 27   73 70  2.7   9  363  0.00  .15 .13   15  19  24
   6   93 50 70  34  59 10 29   74 70  3.4   9  362  0.00  .16 .15   16  20  25
   7   89 51 69  36  52 14 32   74 71  4.5  15  360  0.00  .17 .16   15  20  25
   8   78 48 64  34  63 14 34   72 70  3.8  10  354  0.00  .14 .13   10  13  18
   9   77 42 59  30  69 11 37   69 70  3.6  11  357  0.00  .13 .12    8  11  15
  10   75 39 57  28  69 14 36   68 69  3.4  13  355  0.00  .13 .11    7  10  13
  11   81 46 64  38  72 19 40   69 68  3.8  11  348  0.00  .13 .12   10  14  18
  12   82 49 70  38  70 17 33   71 68  6.7  21  340  0.00  .19 .18   12  16  21
  13   85 53 72  42  72 19 36   72 68  6.7  23  332  0.00  .18 .18   14  19  24
  14   86 61 74  44  56 20 35   74 68  4.7  16  278  0.00  .15 .15   19  24  29
  15   88 59 71  46  70 20 42   74 69  3.6  17  238  0.00  .10 .13   18  23  28
  16   78 61 67  54  96 33 64   73 69  2.9  16  150  0.12  .04 .08   15  20  25
  17   81 61 68  60  97 46 77   73 69  2.0   6  267  0.00  .08 .08   16  21  26
  18   73 57 64  59  98 62 85   71 69  3.4  22  229  0.07  .06 .06   10  15  20
  19   70 52 60  49 100 30 69   68 68  6.0  21  310  0.00  .11 .10    7  11  16
  20   72 42 57  38  90 27 51   66 67  4.5  13  324  0.00  .11 .10    6   9  12
  21   77 49 65  34  67 17 34   66 66  6.7  20  324  0.00  .16 .16    9  13  18
  22   75 44 61  34  71 20 39   67 66  3.1  13  325  0.00  .12 .10    7  11  15
  23   72 43 56  32  74 16 43   64 65  3.6  16  241  0.00  .09 .10    6   9  13
  24   71 41 57  41  73 33 54   64 64  4.5  19  303  0.00  .11 .09    5   8  12
  25   67 41 56  38  88 22 52   65 64  2.9  13  315  0.00  .09 .07    4   6  10
  26   72 36 54  32  75 20 45   62 64  2.7  13  314  0.00  .11 .08    5   8  11
  27   75 45 59  37  72 25 45   63 63  2.7  11  239  0.00  .08 .08    7  11  15
  28   79 52 64  37  73 23 38   65 63  3.6  15  274  0.00  .12 .11   11  15  20
  29   73 42 57  39  80 28 52   64 63  4.0  14  288  0.00  .10 .10    6   9  13
  30   62 48 56  41  95 36 58   64 63  4.7  16  201  0.11  .06 .07    2   5  10
  --- --- -- --  -- --- -- ---  -- --  --  ---  ---  ----  --- ---  --- --- ----
  AVG  79 48 63  38  72 22 43   69 68  3.9  14  310
  TOT                                                0.30  3.7 3.5  310 425 560
                    
  *****************************************************************************
  *                          ABBREVIATIONS AND UNITS                          *
  *                                                                           *
  *   AIR TEMP : AIR TEMPERATURE IN DEGREES F          MX : MAXIMUM FOR DAY   *
  *   DEW PT   : DEWPOINT IN DEGREES F                 MN : MINIMUM FOR DAY   *
  *   REL HUM  : RELATIVE HUMIDITY IN PERCENT          AV : AVERAGE FOR DAY   *
  *   SOL      : SOLAR RADIATION IN LANGLEYS          TOT : TOTAL FOR MONTH   *
  *   WIND : WIND SPEEDS IN MILES PER HOUR                                    *
  *   SOIL : SOIL TEMPERATURE AT 4 AND 20 INCHES, IN DEGREES F                *
  *   RAIN : RAINFALL IN INCHES                                               *
  *   ETo  : REFERENCE EVAPOTRANSPIRATION IN INCHES                           *
  *      AZ: AZMET ETo   STD: STANDARDIZED PENMAN-MONTEITH ETo                *
  *                                                                           *
  *     ## or 999 : MISSING DATA, ETo & HEAT UNIT TOTALS ARE PRORATED         *
  *            55 : TEMPERATURE LIMITS = 86/55  DEGREES F                     *
  *            50 : TEMPERATURE LIMITS = 86/50  DEGREES F                     *
  *            45 : TEMPERATURE LIMITS = 86/45  DEGREES F                     *
  *****************************************************************************

                 ARIZONA METEOROLOGICAL NETWORK MONTHLY SUMMARY

                                  Queen Creek                                   
                                 December 2023                                  

       AIR TEMP DEW  REL HUM   SOIL T   WIND    SOL  RAIN  ETo ETo  HEAT UNITS
 Dec   MX MN AV  PT  MX MN AV    4 20  AV  MX              AZ  STD   55  50  45
 ---  --- -- -- ---  -- -- --  --- --  --  ---  ---  ----  --- ---  --- --- ---
   1   64 46 54  47  97 47 81   62 62  2.7  11  256  0.04  .06 .06    3   6  10
   2   66 39 51  43  99 39 76   60 62  2.2   9  292  0.00  .07 .06    3   6   9
   3   68 37 50  39  97 28 68   59 61  1.6   6  296  0.00  .08 .05    4   6   9
   4   69 38 52  39  94 29 64   59 60  2.5   9  265  0.00  .07 .06    4   7  10
   5   80 40 59  40  90 21 54   60 60  2.5  11  289  0.00  .10 .08    9  12  16
   6   82 47 63  35  67 13 39   62 60  3.1  14  293  0.00  .11 .10   12  15  20
   7   79 41 59  35  78 17 46   62 60  2.2   7  292  0.00  .09 .08    9  12  16
   8   71 39 54  35  84 23 51   60 60  2.7   8  297  0.00  .09 .07    5   8  11
   9   66 35 50  24  84 11 40   58 60  2.9  10  303  0.00  .11 .08    3   5   8
  10   73 40 56  14  53  9 20   57 59  4.5  17  305  0.00  .13 .12    6   9  12
  11   70 36 52  22  60 11 33   57 58  2.2   6  237  0.00  .07 .07    4   7  10
  12   75 38 54  26  70  8 36   58 58  2.9   8  234  0.00  .06 .09    7   9  13
  13   72 35 51  25  71 15 38   57 57  2.9  11  288  0.00  .09 .08    5   8  11
  14   67 32 48  26  74 17 45   56 57  2.9   8  287  0.00  .09 .07    3   5   8
  15   77 37 55  29  73 16 40   57 57  2.7  16  291  0.00  .09 .09    7  10  13
  16   79 46 64  25  53 11 23   60 57  5.1  17  256  0.00  .15 .14   10  13  18
  17   78 42 58  26  54 13 31   59 57  2.2   8  300  0.00  .11 .08    8  11  15
  18   77 39 58  30  61 13 36   59 57  2.5  13  188  0.00  .06 .08    8  11  14
  19   76 50 61  34  71 14 38   61 57  3.4  13  168  0.03  .05 .10    9  13  18
  20   75 51 62  49  93 30 66   61 58  4.9  21  189  0.12  .07 .09    9  13  18
  21   78 44 60  46  90 29 65   60 58  2.9  14  278  0.00  .09 .08    9  12  16
  22   58 49 55  51  99 61 88   58 58  7.4  25   32  0.87  .00 .02    1   4   8
  23   60 45 52  49  99 60 89   57 57  3.4  11  188  0.03  .04 .04    1   4   7
  24   62 40 49  45 100 51 87   54 56  2.0   8  212  0.00  .04 .04    2   4   7
  25   63 38 49  43 100 35 81   54 55  2.5   8  290  0.00  .07 .05    2   4   7
  26   62 36 47  39  99 31 77   52 55  2.7  11  290  0.00  .07 .05    2   4   6
  27   63 34 47  35  96 25 67   51 54  2.0   8  284  0.00  .07 .05    2   4   7
  28   65 35 48  35  95 23 66   52 53  2.2   8  291  0.00  .08 .06    3   5   7
  29   72 34 53  30  92 15 50   52 53  3.4  13  271  0.00  .11 .09    5   8  11
  30   74 38 56  31  73 14 41   55 53  3.8  18  288  0.00  .11 .10    6   9  12
  31   64 37 50  38  91 40 65   54 53  2.5   7  259  0.00  .07 .06    2   5   8
  --- --- -- --  -- --- -- ---  -- --  --  ---  ---  ----  --- ---  --- --- ----
  AVG  70 40 54  35  82 25 55   58 57  3.0  11  258
  TOT                                                1.09  2.5 2.3  163 249 355
                    
  *****************************************************************************
  *                          ABBREVIATIONS AND UNITS                          *
  *                                                                           *
  *   AIR TEMP : AIR TEMPERATURE IN DEGREES F          MX : MAXIMUM FOR DAY   *
  *   DEW PT   : DEWPOINT IN DEGREES F                 MN : MINIMUM FOR DAY   *
  *   REL HUM  : RELATIVE HUMIDITY IN PERCENT          AV : AVERAGE FOR DAY   *
  *   SOL      : SOLAR RADIATION IN LANGLEYS          TOT : TOTAL FOR MONTH   *
  *   WIND : WIND SPEEDS IN MILES PER HOUR                                    *
  *   SOIL : SOIL TEMPERATURE AT 4 AND 20 INCHES, IN DEGREES F                *
  *   RAIN : RAINFALL IN INCHES                                               *
  *   ETo  : REFERENCE EVAPOTRANSPIRATION IN INCHES                           *
  *      AZ: AZMET ETo   STD: STANDARDIZED PENMAN-MONTEITH ETo                *
  *                                                                           *
  *     ## or 999 : MISSING DATA, ETo & HEAT UNIT TOTALS ARE PRORATED         *
  *            55 : TEMPERATURE LIMITS = 86/55  DEGREES F                     *
  *            50 : TEMPERATURE LIMITS = 86/50  DEGREES F                     *
  *            45 : TEMPERATURE LIMITS = 86/45  DEGREES F                     *
  *****************************************************************************
