
                 ARIZONA METEOROLOGICAL NETWORK MONTHLY SUMMARY

                                  Queen Creek                                   
                                  January 2024                                  

       AIR TEMP DEW  REL HUM   SOIL T   WIND    SOL  RAIN  ETo ETo  HEAT UNITS
 Jan   MX MN AV  PT  MX MN AV    4 20  AV  MX              AZ  STD   55  50  45
 ---  --- -- -- ---  -- -- --  --- --  --  ---  ---  ----  --- ---  --- --- ---
   1   60 36 47  38  93 39 72   51 53  2.5  17  138  0.00  .03 .05    1   3   6
   2   64 38 51  38  93 32 64   54 53  2.5   8  291  0.00  .07 .06    2   5   8
   3   64 34 49  38  93 35 68   53 53  4.3  26  238  0.05  .07 .07    2   4   7
   4   55 37 46  40  99 50 82   52 53  3.4  10  186  0.00  .04 .04    0   1   4
   5   57 33 46  37  96 43 72   51 52  2.9  12  251  0.00  .05 .05    0   2   4
   6   60 32 45  34  97 33 69   51 52  3.1  11  303  0.00  .07 .06    1   3   5
   7   50 33 42  35  95 40 74   49 51  5.6  23  113  0.16  .02 .04    0   0   1
   8   52 28 39  26  88 27 62   45 50  3.1  10  309  0.00  .07 .05    0   0   2
   9   55 27 39  27  93 27 65   45 49  2.2  10  311  0.00  .06 .05    0   1   3
  10   60 27 42  27  93 18 61   46 48  2.0   9  313  0.00  .08 .05    1   3   5
  11   55 30 42  29  87 31 61   46 48  8.1  32  228  0.02  .08 .08    0   1   3
  12   57 26 41  24  89 20 57   46 48  2.9   9  321  0.00  .07 .06    0   2   3
  13   63 26 43  26  91 17 56   47 48  2.0   8  315  0.00  .08 .06    1   3   5
  14   68 32 48  29  85 17 54   50 48  2.7   9  313  0.00  .09 .08    3   6   8
  15   67 32 49  32  87 23 56   51 48  2.2   8  318  0.00  .08 .07    3   5   8
  16   69 33 49  32  88 22 58   52 49  2.2   8  322  0.00  .09 .07    4   6   9
  17   71 33 50  34  90 22 59   52 49  1.8   7  245  0.00  .06 .06    5   7  10
  18   77 37 55  35  83 19 52   54 50  1.8   5  321  0.00  .09 .07    7  10  14
  19   73 40 55  40  85 27 60   55 50  2.0   6  248  0.00  .07 .07    6   9  12
  20   68 41 54  42  89 33 66   55 51  2.7  13  154  0.00  .04 .06    4   7  10
  21   60 47 53  49  99 42 85   55 51  2.9  20  118  0.08  .03 .04    1   4   8
  22   64 45 54  51 100 59 89   56 51  3.1  11  225  0.41  .05 .05    3   6  10
  23   59 50 53  50  98 63 90   56 52  4.9  14  114  0.31  .01 .04    1   5  10
  24   61 47 54  50  99 63 89   56 52  2.2   7  158  0.00  .02 .04    2   5   9
  25   65 44 54  48  99 48 82   56 52  2.9  12  294  0.00  .08 .06    3   6   9
  26   66 41 53  45 100 38 77   55 52  2.9  10  341  0.00  .10 .07    3   6   9
  27   73 38 56  38  98 21 58   55 52  5.4  16  353  0.00  .14 .12    6   8  12
  28   76 49 64  35  61 19 35   58 52  6.7  17  331  0.00  .16 .16    9  13  18
  29   80 43 61  40  84 22 50   59 53  1.6   7  333  0.00  .10 .08   10  13  17
  30   81 44 60  42  85 21 56   60 53  2.0   8  353  0.00  .11 .09   10  13  17
  31   80 44 61  46  88 27 61   61 54  2.7  14  345  0.00  .11 .10   10  13  17
  --- --- -- --  -- --- -- ---  -- --  --  ---  ---  ----  --- ---  --- --- ----
  AVG  65 37 50  37  91 32 66   53 51  3.1  12  265
  TOT                                                1.03  2.2 2.1   98 170 263
                    
  *****************************************************************************
  *                          ABBREVIATIONS AND UNITS                          *
  *                                                                           *
  *   AIR TEMP : AIR TEMPERATURE IN DEGREES F          MX : MAXIMUM FOR DAY   *
  *   DEW PT   : DEWPOINT IN DEGREES F                 MN : MINIMUM FOR DAY   *
  *   REL HUM  : RELATIVE HUMIDITY IN PERCENT          AV : AVERAGE FOR DAY   *
  *   SOL      : SOLAR RADIATION IN LANGLEYS          TOT : TOTAL FOR MONTH   *
  *   WIND : WIND SPEEDS IN MILES PER HOUR                                    *
  *   SOIL : SOIL TEMPERATURE AT 4 AND 20 INCHES, IN DEGREES F                *
  *   RAIN : RAINFALL IN INCHES                                               *
  *   ETo  : REFERENCE EVAPOTRANSPIRATION IN INCHES                           *
  *      AZ: AZMET ETo   STD: STANDARDIZED PENMAN-MONTEITH ETo                *
  *                                                                           *
  *     ## or 999 : MISSING DATA, ETo & HEAT UNIT TOTALS ARE PRORATED         *
  *            55 : TEMPERATURE LIMITS = 86/55  DEGREES F                     *
  *            50 : TEMPERATURE LIMITS = 86/50  DEGREES F                     *
  *            45 : TEMPERATURE LIMITS = 86/45  DEGREES F                     *
  *****************************************************************************

                 ARIZONA METEOROLOGICAL NETWORK MONTHLY SUMMARY

                                  Queen Creek                                   
                                 February 2024                                  

       AIR TEMP DEW  REL HUM   SOIL T   WIND    SOL  RAIN  ETo ETo  HEAT UNITS
 Feb   MX MN AV  PT  MX MN AV    4 20  AV  MX              AZ  STD   55  50  45
 ---  --- -- -- ---  -- -- --  --- --  --  ---  ---  ----  --- ---  --- --- ---
   1   79 50 62  47  98 29 63   62 55  7.2  24  292  0.47  .13 .15   10  14  19
   2   61 48 54  44  98 46 72   58 55  8.7  26  266  0.44  .08 .09    2   5   9
   3   62 39 51  40  96 41 69   55 54  3.8  16  366  0.00  .10 .08    2   4   7
   4   69 39 52  39  95 18 66   55 53  2.7  13  352  0.00  .11 .08    4   7  10
   5   73 43 57  42  88 25 61   56 53  3.8  16  296  0.00  .11 .10    7  10  13
   6   64 50 58  46  92 33 65   57 53  6.0  27   55  0.08  .02 .07    3   7  12
   7   59 44 51  45  98 49 81   54 53  6.0  21  236  0.28  .06 .07    1   3   7
   8   58 35 45  40  98 52 84   51 52  7.8  27  201  0.23  .06 .07    1   2   5
   9   57 33 45  36  99 36 75   49 51  2.7  13  335  0.01  .08 .06    0   2   4
  10   55 38 44  40  98 52 85   50 50  4.0  16  199  0.48  .04 .05    0   1   4
  11   59 33 45  37 100 31 76   50 49  2.5  10  410  0.01  .11 .07    1   2   5
  12   66 33 48  35  97 24 66   51 49  2.7   9  412  0.00  .12 .09    3   5   8
  13   69 34 51  38  96 26 64   53 49  2.9  10  415  0.00  .12 .10    4   7   9
  14   70 34 51  39  97 23 66   54 50  2.7   9  415  0.00  .12 .09    4   7  10
  15   72 36 53  37  94 19 61   55 50  2.2  10  419  0.00  .13 .10    5   8  11
  16   72 36 53  39  94 25 64   57 51  2.9   9  415  0.00  .13 .10    5   8  11
  17   73 39 55  41  95 29 64   58 52  2.7   9  416  0.00  .13 .10    6   9  12
  18   76 41 57  42  96 23 62   60 53  2.9   9  412  0.00  .13 .11    7  10  14
  19   76 42 59  40  91 18 56   60 53  3.4  12  402  0.00  .15 .12    7  11  14
  20   80 41 60  37  88 12 50   62 54  4.3  13  447  0.00  .17 .15    9  12  16
  21   71 46 58  42  88 26 57   62 55  4.5  15  427  0.00  .15 .12    6   9  13
  22   73 42 57  44  96 27 64   63 55  3.4  11  441  0.00  .14 .11    6   9  13
  23   79 41 58  41  93 20 58   62 56  2.5   8  383  0.00  .12 .11    9  12  15
  24   77 43 59  42  86 26 58   62 56  2.7  12  339  0.00  .10 .11    8  12  16
  25   82 46 63  46  87 22 58   64 56  1.8   6  332  0.00  .10 .10   11  15  19
  26   72 56 63  52  87 35 68   64 57  2.9   8  140  0.00  .04 .07    9  14  19
  27   73 50 61  44  78 29 54   64 57  4.9  16  387  0.00  .14 .14    8  12  17
  28   75 44 57  46  90 26 70   62 57  4.3  25  249  0.04  .07 .11    7  10  14
  29   72 43 58  46  99 23 67   62 57  3.6  12  467  0.00  .15 .12    6   9  13
  --- --- -- --  -- --- -- ---  -- --  --  ---  ---  ----  --- ---  --- --- ----
  AVG  70 41 55  42  94 29 66   58 53  3.9  14  342
  TOT                                                2.04  3.1 2.8  151 236 339
                    
  *****************************************************************************
  *                          ABBREVIATIONS AND UNITS                          *
  *                                                                           *
  *   AIR TEMP : AIR TEMPERATURE IN DEGREES F          MX : MAXIMUM FOR DAY   *
  *   DEW PT   : DEWPOINT IN DEGREES F                 MN : MINIMUM FOR DAY   *
  *   REL HUM  : RELATIVE HUMIDITY IN PERCENT          AV : AVERAGE FOR DAY   *
  *   SOL      : SOLAR RADIATION IN LANGLEYS          TOT : TOTAL FOR MONTH   *
  *   WIND : WIND SPEEDS IN MILES PER HOUR                                    *
  *   SOIL : SOIL TEMPERATURE AT 4 AND 20 INCHES, IN DEGREES F                *
  *   RAIN : RAINFALL IN INCHES                                               *
  *   ETo  : REFERENCE EVAPOTRANSPIRATION IN INCHES                           *
  *      AZ: AZMET ETo   STD: STANDARDIZED PENMAN-MONTEITH ETo                *
  *                                                                           *
  *     ## or 999 : MISSING DATA, ETo & HEAT UNIT TOTALS ARE PRORATED         *
  *            55 : TEMPERATURE LIMITS = 86/55  DEGREES F                     *
  *            50 : TEMPERATURE LIMITS = 86/50  DEGREES F                     *
  *            45 : TEMPERATURE LIMITS = 86/45  DEGREES F                     *
  *****************************************************************************

                 ARIZONA METEOROLOGICAL NETWORK MONTHLY SUMMARY

                                  Queen Creek                                   
                                   March 2024                                   

       AIR TEMP DEW  REL HUM   SOIL T   WIND    SOL  RAIN  ETo ETo  HEAT UNITS
 Mar   MX MN AV  PT  MX MN AV    4 20  AV  MX              AZ  STD   55  50  45
 ---  --- -- -- ---  -- -- --  --- --  --  ---  ---  ----  --- ---  --- --- ---
   1   76 42 59  41  92 24 57   64 57  4.0  13  476  0.00  .17 .14    8  11  15
   2   77 42 61  39  86 19 49   64 57  6.0  16  482  0.00  .20 .17    8  11  15
   3   70 43 58  40  83 35 52   65 58  4.5  17  472  0.00  .15 .13    5   8  12
   4   71 41 56  40  89 30 57   64 58  3.4  11  451  0.00  .13 .12    5   8  11
   5   75 41 58  39  88 22 54   65 58  3.4  13  493  0.00  .16 .14    7  10  14
   6   71 45 57  40  83 27 55   64 59  3.4   8  301  0.00  .09 .11    6   9  13
   7   64 43 51  44  96 45 76   59 58  5.6  31  225  0.51  .06 .09    3   5   9
   8   67 48 56  46  97 38 73   61 57  2.7  11  468  0.01  .14 .11    4   8  12
   9   74 42 58  42  97 23 61   62 57  3.8  14  506  0.00  .18 .14    7  10  13
  10   76 44 61  39  81 14 48   64 57  4.3  17  510  0.00  .20 .16    8  11  15
  11   80 43 62  40  87 16 51   66 58  3.6  15  499  0.00  .18 .16    9  13  17
  12   78 41 60  38  88 16 50   66 59  4.3  13  478  0.00  .17 .16    8  12  15
  13   72 45 60  40  84 26 50   66 59  7.2  23  508  0.00  .20 .17    6  10  14
  14   73 42 59  38  89 15 50   66 59  4.0  23  428  0.00  .14 .14    6   9  13
  15   60 42 51  46  97 58 83   61 59  5.4  23  165  0.26  .03 .06    1   3   7
  16   67 38 52  42  99 31 72   59 58  2.5  11  498  0.00  .14 .11    3   6   9
  17   69 48 55  45  97 30 71   62 57  2.9  15  435  0.02  .13 .12    5   9  14
  18   77 41 57  43  94 27 62   63 57  3.4  17  484  0.00  .15 .14    8  11  15
  19   75 43 59  43  92 22 60   65 58  3.4  18  514  0.00  .17 .14    7  10  14
  20   77 43 60  42  89 19 55   67 59  2.5  16  540  0.00  .19 .14    8  11  15
  21   80 45 63  43  88 22 52   69 59  4.0  15  549  0.00  .19 .17   10  13  17
  22   83 46 65  42  86 17 48   71 60  2.9  10  549  0.00  .19 .17   12  15  20
  23   79 52 66  40  82 16 43   70 61  7.4  22  393  0.00  .18 .20   11  15  20
  24   65 47 55  40  92 34 59   64 61  8.9  34  285  0.16  .10 .14    3   7  11
  25   67 42 55  40  95 27 61   63 60  5.6  19  512  0.00  .17 .14    4   6  10
  26   68 46 55  42  88 33 62   63 59  5.6  28  358  0.05  .11 .13    5   8  12
  27   75 39 58  39  96 17 56   64 59  2.5  11  580  0.00  .19 .15    7  10  13
  28   80 43 61  41  91 16 54   67 59  2.2   8  503  0.00  .17 .15   10  13  17
  29   83 46 66  37  84 11 40   70 60  4.7  18  586  0.00  .25 .21   11  15  20
  30   83 46 67  38  81 12 38   71 61  8.9  30  570  0.00  .30 .26   11  15  19
  31   61 49 53  47  96 47 81   64 62  6.7  18  174  0.36  .03 .08    2   5  10
  --- --- -- --  -- --- -- ---  -- --  --  ---  ---  ----  --- ---  --- --- ----
  AVG  73 44 59  41  90 25 57   65 59  4.5  17  451
  TOT                                                1.37  4.9 4.5  208 307 431
                    
  *****************************************************************************
  *                          ABBREVIATIONS AND UNITS                          *
  *                                                                           *
  *   AIR TEMP : AIR TEMPERATURE IN DEGREES F          MX : MAXIMUM FOR DAY   *
  *   DEW PT   : DEWPOINT IN DEGREES F                 MN : MINIMUM FOR DAY   *
  *   REL HUM  : RELATIVE HUMIDITY IN PERCENT          AV : AVERAGE FOR DAY   *
  *   SOL      : SOLAR RADIATION IN LANGLEYS          TOT : TOTAL FOR MONTH   *
  *   WIND : WIND SPEEDS IN MILES PER HOUR                                    *
  *   SOIL : SOIL TEMPERATURE AT 4 AND 20 INCHES, IN DEGREES F                *
  *   RAIN : RAINFALL IN INCHES                                               *
  *   ETo  : REFERENCE EVAPOTRANSPIRATION IN INCHES                           *
  *      AZ: AZMET ETo   STD: STANDARDIZED PENMAN-MONTEITH ETo                *
  *                                                                           *
  *     ## or 999 : MISSING DATA, ETo & HEAT UNIT TOTALS ARE PRORATED         *
  *            55 : TEMPERATURE LIMITS = 86/55  DEGREES F                     *
  *            50 : TEMPERATURE LIMITS = 86/50  DEGREES F                     *
  *            45 : TEMPERATURE LIMITS = 86/45  DEGREES F                     *
  *****************************************************************************

                 ARIZONA METEOROLOGICAL NETWORK MONTHLY SUMMARY

                                  Queen Creek                                   
                                   April 2024                                   

       AIR TEMP DEW  REL HUM   SOIL T   WIND    SOL  RAIN  ETo ETo  HEAT UNITS
 Apr   MX MN AV  PT  MX MN AV    4 20  AV  MX              AZ  STD   55  50  45
 ---  --- -- -- ---  -- -- --  --- --  --  ---  ---  ----  --- ---  --- --- ---
   1   62 46 53  47  96 48 81   60 60  5.1  20  402  0.44  .10 .10    2   5   9
   2   72 43 58  47  99 36 71   62 58  3.1  10  598  0.00  .18 .15    6   9  12
   3   81 44 63  46  97 20 59   67 59  2.9  10  612  0.00  .21 .18   10  14  18
   4   86 46 67  41  91 12 45   69 60  5.1  19  616  0.00  .26 .23   13  16  21
   5   68 51 60  37  69 23 43   68 61  8.9  28  520  0.00  .22 .20    5   9  14
   6   65 41 54  31  71 20 44   66 61  4.3  19  625  0.00  .19 .16    3   5   9
   7   74 39 57  32  82 10 44   67 61  2.2   9  631  0.00  .21 .16    7   9  13
   8   73 42 58  32  85 11 43   67 61  3.8  13  534  0.00  .19 .17    6   9  13
   9   79 41 61  33  77 14 39   68 61  4.3  16  621  0.00  .23 .20    9  12  16
  10   84 44 66  33  73  9 35   71 62  3.8  11  637  0.00  .24 .21   11  15  19
  11   93 46 70  37  71  9 35   73 63  3.1  15  638  0.00  .26 .22   15  18  23
  12   89 50 73  34  70  8 28   75 64  8.1  25  634  0.00  .32 .31   15  19  24
  13   87 46 70  34  70 11 29   75 65  4.5  17  640  0.00  .28 .24   13  17  21
  14   84 45 67  33  72  8 32   75 65  5.4  22  651  0.00  .28 .25   12  16  20
  15   74 47 62  34  66 20 36   73 66  3.8  16  645  0.00  .23 .19    7  11  15
  16   84 45 67  34  66 12 33   74 66  3.8  14  646  0.00  .26 .22   12  15  20
  17   90 48 71  33  63  8 30   77 66  3.6  12  654  0.00  .27 .23   15  18  23
  18   91 49 73  33  62  8 26   77 67  3.6  11  541  0.00  .22 .22   15  20  24
  19   93 52 75  35  59  8 26   79 67  3.8  15  652  0.00  .29 .25   17  21  26
  20   93 56 76  34  55  7 24   80 68  4.3  11  659  0.00  .30 .26   18  23  28
  21   98 52 76  35  63  6 27   81 69  3.1  13  660  0.00  .28 .25   18  22  27
  22   97 56 79  39  60  8 26   82 70  5.8  20  650  0.00  .32 .31   19  24  29
  23   93 54 77  36  62  9 25   82 71  5.4  17  664  0.00  .32 .28   17  22  27
  24   89 53 74  35  63 11 27   80 71  5.8  19  554  0.00  .27 .26   16  21  26
  25   81 48 68  39  65 18 34   78 71  6.5  24  661  0.00  .28 .25   11  15  20
  26   80 50 67  40  68 21 39   77 70  9.6  27  605  0.00  .28 .27   11  15  20
  27   76 54 66  41  64 22 41   77 70  5.6  17  635  0.00  .24 .22   10  15  20
  28   84 48 69  38  72 14 36   78 69  4.0  12  673  0.00  .26 .23   12  16  21
  29   91 50 73  37  66 10 31   80 70  3.4  10  678  0.00  .27 .24   15  20  25
  30   93 52 74  39  63  8 30   81 70  4.3  15  682  0.00  .09 .26   17  21  26
  --- --- -- --  -- --- -- ---  -- --  --  ---  ---  ----  --- ---  --- --- ----
  AVG  83 48 67  37  71 14 37   74 65  4.7  16  621
  TOT                                                0.44  7.4 6.7  357 472 609
                    
  *****************************************************************************
  *                          ABBREVIATIONS AND UNITS                          *
  *                                                                           *
  *   AIR TEMP : AIR TEMPERATURE IN DEGREES F          MX : MAXIMUM FOR DAY   *
  *   DEW PT   : DEWPOINT IN DEGREES F                 MN : MINIMUM FOR DAY   *
  *   REL HUM  : RELATIVE HUMIDITY IN PERCENT          AV : AVERAGE FOR DAY   *
  *   SOL      : SOLAR RADIATION IN LANGLEYS          TOT : TOTAL FOR MONTH   *
  *   WIND : WIND SPEEDS IN MILES PER HOUR                                    *
  *   SOIL : SOIL TEMPERATURE AT 4 AND 20 INCHES, IN DEGREES F                *
  *   RAIN : RAINFALL IN INCHES                                               *
  *   ETo  : REFERENCE EVAPOTRANSPIRATION IN INCHES                           *
  *      AZ: AZMET ETo   STD: STANDARDIZED PENMAN-MONTEITH ETo                *
  *                                                                           *
  *     ## or 999 : MISSING DATA, ETo & HEAT UNIT TOTALS ARE PRORATED         *
  *            55 : TEMPERATURE LIMITS = 86/55  DEGREES F                     *
  *            50 : TEMPERATURE LIMITS = 86/50  DEGREES F                     *
  *            45 : TEMPERATURE LIMITS = 86/45  DEGREES F                     *
  *****************************************************************************

                 ARIZONA METEOROLOGICAL NETWORK MONTHLY SUMMARY

                                  Queen Creek                                   
                                    May 2024                                    

       AIR TEMP DEW  REL HUM   SOIL T   WIND    SOL  RAIN  ETo ETo  HEAT UNITS
 May   MX MN AV  PT  MX MN AV    4 20  AV  MX              AZ  STD   55  50  45
 ---  --- -- -- ---  -- -- --  --- --  --  ---  ---  ----  --- ---  --- --- ---
   1   89 54 74  39  64 10 31   82 71  4.3  18  673  0.00  .29 .25   16  21  26
   2   90 55 75  39  66  9 29   82 72  3.8  13  685  0.00  .30 .25   17  22  27
   3   92 55 75  42  67  9 33   83 72  4.3  16  678  0.00  .29 .26   18  23  28
   4   91 53 75  40  67 12 31   83 73  4.9  15  677  0.00  .29 .27   16  21  26
   5   85 58 71  42  57 17 36   82 73  7.8  26  592  0.00  .29 .28   17  22  27
   6   81 51 68  32  62 11 29   80 72  3.6  14  700  0.00  .27 .23   12  16  21
   7   88 46 69  31  62  7 27   80 72  4.7  16  705  0.00  .31 .27   14  17  22
   8   87 50 72  34  59 14 25   81 72  5.6  18  690  0.00  .31 .28   14  19  24
   9   84 52 69  28  49  8 22   80 72  5.1  18  708  0.00  .32 .27   13  18  23
  10   89 47 71  31  60  8 26   81 72  4.0  18  708  0.00  .30 .26   14  18  23
  11   89 49 72  33  57 10 25   81 72  4.9  19  690  0.00  .31 .27   14  19  23
  12   91 50 74  36  58 10 26   82 73  3.6  11  701  0.00  .30 .25   15  20  25
  13   96 55 79  36  56  8 24   84 73  3.8  16  700  0.00  .33 .27   18  23  28
  14   97 59 81  33  50  8 19   86 74  4.9  18  688  0.00  .33 .30   20  25  30
  15   95 59 80  35  47  9 21   86 75  5.8  17  689  0.00  .35 .32   20  25  30
  16   93 61 80  41  51 13 26   86 75  5.6  20  643  0.00  .33 .29   21  26  31
  17   98 63 82  39  53 10 24   87 75  4.5  17  693  0.00  .33 .30   22  27  32
  18  100 60 83  38  57  7 23   88 76  5.1  29  684  0.00  .34 .32   21  26  31
  19   94 62 81  33  47  7 19   87 76  5.8  21  720  0.00  .37 .32   21  26  31
  20   89 59 76  37  51 10 25   84 76  7.4  34  422  0.00  .24 .28   19  24  29
  21   93 58 76  38  58  9 27   85 75  4.7  15  713  0.00  .32 .29   19  24  29
  22   93 49 76  32  57  7 22   85 75  4.0  17  725  0.00  .32 .28   16  20  25
  23   94 56 77  31  44  6 19   86 76  5.1  18  722  0.00  .34 .31   18  23  28
  24   95 58 79  36  48  9 22   86 76  5.8  25  682  0.00  .34 .32   20  25  30
  25   88 57 75  42  61 15 31   86 76  5.6  18  715  0.00  .32 .28   17  22  27
  26   95 55 77  41  60 12 30   87 76  3.4  12  719  0.00  .30 .26   18  23  28
  27   98 56 81  41  62  8 26   88 77  3.6  13  724  0.00  .32 .28   19  24  29
  28  101 57 82  40  57  7 24   90 77  3.8  16  728  0.00  .34 .30   20  25  30
  29  101 63 82  40  57  6 25   90 78  4.3  14  732  0.00  .34 .31   23  28  33
  30  100 60 82  40  56  7 25   91 78  3.6  13  732  0.00  .33 .29   21  26  31
  31  103 59 84  40  57  5 24   91 79  3.1  10  719  0.00  .33 .28   21  26  31
  --- --- -- --  -- --- -- ---  -- --  --  ---  ---  ----  --- ---  --- --- ----
  AVG  93 56 77  37  57  9 26   85 74  4.7  18  689
  TOT                                                0.00  9.8 8.7  554 704 858
                    
  *****************************************************************************
  *                          ABBREVIATIONS AND UNITS                          *
  *                                                                           *
  *   AIR TEMP : AIR TEMPERATURE IN DEGREES F          MX : MAXIMUM FOR DAY   *
  *   DEW PT   : DEWPOINT IN DEGREES F                 MN : MINIMUM FOR DAY   *
  *   REL HUM  : RELATIVE HUMIDITY IN PERCENT          AV : AVERAGE FOR DAY   *
  *   SOL      : SOLAR RADIATION IN LANGLEYS          TOT : TOTAL FOR MONTH   *
  *   WIND : WIND SPEEDS IN MILES PER HOUR                                    *
  *   SOIL : SOIL TEMPERATURE AT 4 AND 20 INCHES, IN DEGREES F                *
  *   RAIN : RAINFALL IN INCHES                                               *
  *   ETo  : REFERENCE EVAPOTRANSPIRATION IN INCHES                           *
  *      AZ: AZMET ETo   STD: STANDARDIZED PENMAN-MONTEITH ETo                *
  *                                                                           *
  *     ## or 999 : MISSING DATA, ETo & HEAT UNIT TOTALS ARE PRORATED         *
  *            55 : TEMPERATURE LIMITS = 86/55  DEGREES F                     *
  *            50 : TEMPERATURE LIMITS = 86/50  DEGREES F                     *
  *            45 : TEMPERATURE LIMITS = 86/45  DEGREES F                     *
  *****************************************************************************

                 ARIZONA METEOROLOGICAL NETWORK MONTHLY SUMMARY

                                  Queen Creek                                   
                                   June 2024                                    

       AIR TEMP DEW  REL HUM   SOIL T   WIND    SOL  RAIN  ETo ETo  HEAT UNITS
 Jun   MX MN AV  PT  MX MN AV    4 20  AV  MX              AZ  STD   55  50  45
 ---  --- -- -- ---  -- -- --  --- --  --  ---  ---  ----  --- ---  --- --- ---
   1  100 60 82  39  57  5 24   91 79  4.3  15  738  0.00  .36 .31   21  26  31
   2   99 63 83  39  52  8 22   91 79  4.3  15  729  0.00  .34 .31   23  28  33
   3   98 62 82  43  60  9 26   92 80  4.3  13  720  0.00  .33 .30   22  27  32
   4   98 64 84  47  59 11 29   92 80  2.9  10  610  0.00  .28 .25   23  28  33
   5  101 62 85  51  58 13 32   93 80  3.8  13  708  0.00  .33 .29   22  27  32
   6  103 69 88  54  63 15 32   95 80  4.0  10  678  0.00  .33 .30   26  31  36
   7  108 71 89  50  62  6 29   96 81  4.0  16  706  0.00  .34 .32   27  32  37
   8  105 67 89  45  57  8 23   95 82  5.1  19  648  0.00  .33 .33   25  30  35
   9  102 68 87  43  45  7 22   95 82  4.3  24  665  0.00  .33 .30   25  30  35
  10  102 65 85  45  53 10 26   95 82  3.1  10  726  0.00  .33 .29   24  29  34
  11  107 63 87  47  58  8 27   96 82  3.8  13  735  0.00  .35 .32   23  28  33
  12  107 66 88  42  54  5 21   96 83  3.6  14  720  0.00  .34 .31   25  30  35
  13  100 71 87  50  60 10 27   94 83  3.8  11  396  0.00  .20 .23   26  31  36
  14  104 66 87  39  51  6 20   95 82  3.4  17  740  0.00  .35 .30   24  29  34
  15  107 63 89  42  48  8 21   96 83  4.0  12  722  0.00  .36 .32   24  29  34
  16  108 67 90  40  43  7 19   97 83  5.1  22  729  0.00  .38 .36   25  30  35
  17  104 67 88  38  43  6 19   95 83  7.6  27  733  0.00  .43 .41   25  30  35
  18  103 69 87  41  43  9 21   96 83  4.9  17  718  0.00  .36 .33   26  31  36
  19  104 71 89  43  47  9 23   96 83  5.4  21  725  0.00  .38 .35   27  32  37
  20  112 70 92  54  51 13 28   96 84  7.2  26  631  0.00  .37 .40   26  31  36
  21  109 87 96  63  49 20 34   98 84 12.5  29  551  0.00  .39 .47   31  36  41
  22   99 81 89  66  66 30 48   95 84  4.5  17  231  0.00  .13 .18   30  35  40
  23  105 81 93  66  70 22 44   97 84  2.7  11  457  0.00  .21 .22   30  35  40
  24  107 80 93  68  82 23 47   101 84  6.0  20  639  0.05  .32 .34   30  35  40
  25  103 78 90  70  89 29 57   98 85  5.1  27  598  0.02  .26 .29   29  34  39
  26  105 78 92  67  81 25 47   100 85  4.3  16  663  0.00  .30 .30   29  34  39
  27  105 80 93  65  68 23 41   102 86  5.6  28  674  0.00  .35 .33   30  35  40
  28  106 79 93  64  64 22 39   102 86  6.0  24  679  0.00  .36 .35   29  34  39
  29  107 78 92  65  71 22 43   102 87  2.7  11  595  0.00  .26 .26   29  34  39
  30  107 81 92  66  63 20 43   103 87  6.3  31  637  0.00  .33 .35   30  35  40
  --- --- -- --  -- --- -- ---  -- --  --  ---  ---  ----  --- ---  --- --- ----
  AVG 104 71 89  52  59 14 31   96 83  4.8  18  650
  TOT                                                0.07  9.7 9.4  786 9361,086
                    
  *****************************************************************************
  *                          ABBREVIATIONS AND UNITS                          *
  *                                                                           *
  *   AIR TEMP : AIR TEMPERATURE IN DEGREES F          MX : MAXIMUM FOR DAY   *
  *   DEW PT   : DEWPOINT IN DEGREES F                 MN : MINIMUM FOR DAY   *
  *   REL HUM  : RELATIVE HUMIDITY IN PERCENT          AV : AVERAGE FOR DAY   *
  *   SOL      : SOLAR RADIATION IN LANGLEYS          TOT : TOTAL FOR MONTH   *
  *   WIND : WIND SPEEDS IN MILES PER HOUR                                    *
  *   SOIL : SOIL TEMPERATURE AT 4 AND 20 INCHES, IN DEGREES F                *
  *   RAIN : RAINFALL IN INCHES                                               *
  *   ETo  : REFERENCE EVAPOTRANSPIRATION IN INCHES                           *
  *      AZ: AZMET ETo   STD: STANDARDIZED PENMAN-MONTEITH ETo                *
  *                                                                           *
  *     ## or 999 : MISSING DATA, ETo & HEAT UNIT TOTALS ARE PRORATED         *
  *            55 : TEMPERATURE LIMITS = 86/55  DEGREES F                     *
  *            50 : TEMPERATURE LIMITS = 86/50  DEGREES F                     *
  *            45 : TEMPERATURE LIMITS = 86/45  DEGREES F                     *
  *****************************************************************************

                 ARIZONA METEOROLOGICAL NETWORK MONTHLY SUMMARY

                                  Queen Creek                                   
                                   July 2024                                    

       AIR TEMP DEW  REL HUM   SOIL T   WIND    SOL  RAIN  ETo ETo  HEAT UNITS
 Jul   MX MN AV  PT  MX MN AV    4 20  AV  MX              AZ  STD   55  50  45
 ---  --- -- -- ---  -- -- --  --- --  --  ---  ---  ----  --- ---  --- --- ---
   1  106 80 91  68  74 24 48   102 87  4.0  17  559  0.00  .25 .28   30  35  40
   2  108 81 94  66  70 19 42   104 87  3.8  16  671  0.00  .31 .31   30  35  40
   3  107 80 94  62  67 16 36   104 88  5.4  18  692  0.00  .35 .35   30  35  40
   4  106 79 94  63  65 20 38   104 88  4.5  17  689  0.00  .35 .32   29  34  39
   5  115 75 94  59  66 10 33   104 89  4.0  10  708  0.00  .35 .34   29  34  39
   6  108 77 94  59  60 16 33   104 89  4.7  13  706  0.00  .35 .34   29  34  39
   7  106 75 94  62  70 19 37   104 89  4.7  16  701  0.00  .36 .33   28  33  38
   8  112 74 94  57  60 10 31   104 89  4.3  14  694  0.00  .36 .34   28  33  38
   9  113 75 94  58  56 12 31   104 89  4.5  16  691  0.00  .35 .34   29  34  39
  --- --- -- --  -- --- -- ---  -- --  --  ---  ---  ----  --- ---  --- --- ----
  AVG 109 77 94  62  65 16 37   104 88  4.4  15  679
  TOT                                                0.00  3.0 3.0  262 307 352
                    
  *****************************************************************************
  *                          ABBREVIATIONS AND UNITS                          *
  *                                                                           *
  *   AIR TEMP : AIR TEMPERATURE IN DEGREES F          MX : MAXIMUM FOR DAY   *
  *   DEW PT   : DEWPOINT IN DEGREES F                 MN : MINIMUM FOR DAY   *
  *   REL HUM  : RELATIVE HUMIDITY IN PERCENT          AV : AVERAGE FOR DAY   *
  *   SOL      : SOLAR RADIATION IN LANGLEYS          TOT : TOTAL FOR MONTH   *
  *   WIND : WIND SPEEDS IN MILES PER HOUR                                    *
  *   SOIL : SOIL TEMPERATURE AT 4 AND 20 INCHES, IN DEGREES F                *
  *   RAIN : RAINFALL IN INCHES                                               *
  *   ETo  : REFERENCE EVAPOTRANSPIRATION IN INCHES                           *
  *      AZ: AZMET ETo   STD: STANDARDIZED PENMAN-MONTEITH ETo                *
  *                                                                           *
  *     ## or 999 : MISSING DATA, ETo & HEAT UNIT TOTALS ARE PRORATED         *
  *            55 : TEMPERATURE LIMITS = 86/55  DEGREES F                     *
  *            50 : TEMPERATURE LIMITS = 86/50  DEGREES F                     *
  *            45 : TEMPERATURE LIMITS = 86/45  DEGREES F                     *
  *****************************************************************************
